0 0.164062 0.490234 0.144531 0.650391 0.193359 0.748047 0.480469 0.820312 0.578125 0.781250 0.617188 0.605469 0.531250 0.603516 0.537109 0.507812 0.457031 0.511719 0.480469 0.615234 0.423828 0.652344 0.193359 0.605469 0.173828 0.570312 0.195312 0.517578
1 0.529297 0.330078 0.501953 0.302734 0.359375 0.291016 0.347656 0.308594 0.330078 0.298828 0.263672 0.328125 0.201172 0.408203 0.210938 0.421875 0.326172 0.423828 0.289062 0.402344 0.300781 0.396484 0.427734 0.412109 0.480469 0.392578
4 0.630859 0.298828 0.621094 0.316406 0.632812 0.421875 0.683594 0.660156 0.708984 0.636719 0.726562 0.582031 0.726562 0.498047 0.683594 0.308594
5 0.503906 0.408203 0.472656 0.416016 0.449219 0.439453 0.447266 0.457031 0.455078 0.476562 0.455078 0.503906 0.460938 0.509766 0.529297 0.507812 0.544922 0.503906 0.552734 0.492188 0.546875 0.462891
10 0.685547 0.310547 0.730469 0.511719 0.730469 0.574219 0.712891 0.642578 0.755859 0.607422 0.755859 0.568359 0.777344 0.535156 0.779297 0.462891 0.744141 0.376953
15 0.271484 0.617188 0.322266 0.632812 0.402344 0.644531 0.435547 0.642578 0.439453 0.630859 0.431641 0.623047 0.443359 0.619141 0.402344 0.601562 0.351562 0.605469 0.330078 0.578125 0.302734 0.583984 0.308594 0.601562
16 0.449219 0.429688 0.216797 0.433594 0.205078 0.490234 0.166016 0.486328 0.199219 0.523438 0.177734 0.562500 0.193359 0.603516 0.308594 0.634766 0.441406 0.644531 0.457031 0.625000
17 0.083984 0.625000 0.070312 0.634766 0.058594 0.634766 0.041016 0.675781 0.044922 0.697266 0.078125 0.716797 0.093750 0.716797 0.115234 0.705078 0.125000 0.673828 0.101562 0.648438 0.103516 0.636719 0.097656 0.628906
17 0.634766 0.615234 0.611328 0.642578 0.587891 0.791016 0.548828 0.816406 0.556641 0.875000 0.583984 0.904297 0.623047 0.894531 0.654297 0.843750 0.658203 0.654297
17 0.800781 0.539062 0.787109 0.574219 0.779297 0.634766 0.759766 0.658203 0.761719 0.677734 0.773438 0.683594 0.794922 0.679688 0.808594 0.640625 0.810547 0.580078
