0 0.130859 0.533203 0.119141 0.574219 0.130859 0.673828 0.289062 0.705078 0.449219 0.705078 0.482422 0.574219 0.437500 0.560547 0.416016 0.535156 0.333984 0.552734 0.304688 0.595703 0.222656 0.591797
1 0.503906 0.302734 0.470703 0.298828 0.416016 0.306641 0.408203 0.320312 0.402344 0.355469 0.406250 0.373047 0.417969 0.373047 0.441406 0.384766 0.457031 0.378906 0.474609 0.355469 0.474609 0.341797 0.494141 0.330078 0.503906 0.312500
1 0.400391 0.306641 0.373047 0.291016 0.228516 0.300781 0.189453 0.349609 0.166016 0.406250 0.261719 0.408203 0.302734 0.419922 0.365234 0.416016 0.382812 0.392578
4 0.574219 0.281250 0.533203 0.312500 0.515625 0.421875 0.537109 0.537109 0.574219 0.576172 0.593750 0.662109 0.664062 0.646484 0.667969 0.468750 0.630859 0.292969
5 0.398438 0.441406 0.363281 0.445312 0.357422 0.451172 0.339844 0.503906 0.333984 0.550781 0.390625 0.542969 0.412109 0.533203 0.408203 0.466797
10 0.632812 0.294922 0.669922 0.468750 0.666016 0.648438 0.781250 0.630859 0.800781 0.560547 0.792969 0.464844 0.734375 0.363281 0.679688 0.312500
15 0.160156 0.412109 0.148438 0.433594 0.156250 0.539062 0.216797 0.582031 0.269531 0.595703 0.302734 0.591797 0.333984 0.539062 0.345703 0.478516 0.333984 0.427734 0.357422 0.419922
17 0.201172 0.720703 0.201172 0.734375 0.208984 0.751953 0.230469 0.771484 0.250000 0.777344 0.265625 0.777344 0.287109 0.769531 0.300781 0.755859 0.308594 0.738281 0.308594 0.724609 0.296875 0.716797 0.285156 0.718750 0.261719 0.734375 0.251953 0.732422 0.240234 0.720703 0.218750 0.714844 0.205078 0.714844
17 0.517578 0.599609 0.496094 0.603516 0.474609 0.630859 0.462891 0.703125 0.433594 0.742188 0.451172 0.812500 0.478516 0.826172 0.531250 0.816406 0.562500 0.742188 0.560547 0.648438 0.539062 0.613281
17 0.855469 0.560547 0.833984 0.560547 0.822266 0.576172 0.814453 0.628906 0.783203 0.695312 0.792969 0.730469 0.814453 0.746094 0.855469 0.740234 0.873047 0.705078 0.878906 0.597656 0.871094 0.572266
