1 0.996094 0.308594 0.992188 0.302734 0.960938 0.300781 0.882812 0.314453 0.869141 0.320312 0.859375 0.339844 0.873047 0.357422 0.910156 0.371094 0.992188 0.367188
4 0.296875 0.269531 0.230469 0.298828 0.175781 0.417969 0.207031 0.638672 0.234375 0.658203 0.271484 0.658203 0.261719 0.457031
6 0.847656 0.462891 0.667969 0.462891 0.652344 0.474609 0.658203 0.521484 0.628906 0.539062 0.537109 0.509766 0.531250 0.539062 0.501953 0.552734 0.525391 0.699219 0.562500 0.716797 0.849609 0.683594 0.882812 0.636719
7 0.367188 0.273438 0.392578 0.345703 0.419922 0.376953 0.691406 0.373047 0.611328 0.285156 0.580078 0.267578 0.394531 0.259766
10 0.306641 0.263672 0.263672 0.457031 0.273438 0.658203 0.384766 0.669922 0.386719 0.392578 0.351562 0.279297
11 0.507812 0.458984 0.523438 0.484375 0.572266 0.521484 0.609375 0.533203 0.632812 0.533203 0.652344 0.517578 0.638672 0.498047 0.640625 0.490234 0.632812 0.484375 0.611328 0.482422 0.578125 0.464844 0.525391 0.455078
12 0.474609 0.386719 0.628906 0.470703 0.722656 0.453125 0.841797 0.455078 0.806641 0.408203 0.707031 0.376953
17 0.820312 0.703125 0.808594 0.699219 0.791016 0.707031 0.781250 0.705078 0.773438 0.708984 0.728516 0.705078 0.724609 0.718750 0.728516 0.728516 0.748047 0.744141 0.802734 0.738281 0.812500 0.732422
17 0.455078 0.541016 0.435547 0.550781 0.414062 0.619141 0.416016 0.732422 0.441406 0.781250 0.511719 0.785156 0.552734 0.724609 0.513672 0.691406 0.519531 0.640625 0.501953 0.578125 0.484375 0.548828
17 0.160156 0.539062 0.130859 0.587891 0.130859 0.648438 0.148438 0.740234 0.189453 0.750000 0.210938 0.738281 0.216797 0.703125 0.199219 0.675781 0.183594 0.560547
