15 0.430859 0.369922 0.398828 0.381445 0.387305 0.394141 0.402148 0.428516 0.435547 0.421680 0.460742 0.421680 0.466602 0.387109 0.455078 0.375781
14 0.668750 0.287305 0.675586 0.278125 0.689453 0.281445 0.698633 0.297656 0.698633 0.311328
8 0.500977 0.403320 0.461914 0.334375 0.419531 0.269922 0.465430 0.251563 0.588281 0.214844 0.618164 0.230859 0.703320 0.322852 0.721680 0.327344 0.734180 0.338867 0.729688 0.352734 0.699805 0.374609 0.595313 0.411328 0.537891 0.411328
13 0.535547 0.411328 0.551562 0.460742 0.586133 0.471094 0.616016 0.485938 0.638867 0.506641 0.664258 0.512500 0.758398 0.523828 0.820508 0.496289 0.838867 0.482617 0.873242 0.466406 0.897461 0.443555 0.859570 0.385937 0.842187 0.367578 0.726172 0.325195 0.736523 0.342383 0.729688 0.358398 0.700977 0.374609 0.659570 0.391797 0.594141 0.411328 0.559570 0.412500
12 0.752734 0.582422 0.776758 0.579102 0.784766 0.558398 0.782422 0.544531 0.655078 0.525000 0.674609 0.554883 0.688281 0.569922 0.708984 0.575586
7 0.675586 0.560742 0.646875 0.596289 0.625195 0.590625 0.655078 0.675586 0.658398 0.700781 0.657227 0.738672 0.702148 0.747852 0.818164 0.721484 0.825000 0.707812 0.862891 0.690430 0.925000 0.637695 0.926172 0.613477 0.921484 0.593945 0.928516 0.567578 0.927344 0.526172 0.921484 0.485938 0.914648 0.466406 0.901953 0.445703 0.868750 0.469922 0.758398 0.526172 0.642383 0.507812 0.652734 0.523828 0.780273 0.543359 0.785937 0.557227 0.777930 0.579102 0.751563 0.583594 0.704297 0.576758 0.691797 0.571094
11 0.324023 0.242383 0.365430 0.252734 0.395313 0.266602 0.422852 0.295312 0.444727 0.327344 0.490625 0.434375 0.488477 0.573242 0.491797 0.629687 0.489453 0.657227 0.358594 0.611133 0.313672 0.591602 0.314844 0.568750 0.305664 0.405469 0.311523 0.372266 0.317188 0.279102
5 0.224219 0.261914 0.172461 0.353906 0.176953 0.394141 0.187305 0.440039 0.215039 0.514648 0.249414 0.567578 0.317188 0.592773 0.304492 0.425000 0.305664 0.395313 0.311523 0.371094 0.320703 0.242383 0.291992 0.240039 0.252930 0.247070
6 0.115039 0.307812 0.116211 0.335547 0.098828 0.379102 0.094336 0.366406 0.095508 0.340039 0.101172 0.312500
18 0.152930 0.456055 0.135742 0.473438 0.129883 0.505469 0.136914 0.579102 0.154102 0.611133 0.182812 0.629687 0.204687 0.615820 0.211523 0.580273 0.212695 0.550391 0.198828 0.490625 0.189648 0.466406 0.179297 0.456055
