4 0.768359 0.469531 0.799414 0.476172 0.819531 0.491016 0.831641 0.550391 0.833008 0.574609 0.749609 0.570508 0.756250 0.538281 0.756250 0.509961 0.744141 0.476172 0.749609 0.469531
1 0.749609 0.571875 0.727930 0.608203 0.707812 0.616406 0.680859 0.615039 0.649805 0.628516 0.668750 0.663477 0.679492 0.694531 0.692969 0.790039 0.699609 0.818359 0.737500 0.808984 0.831641 0.799414 0.846484 0.795508 0.849219 0.776563 0.903125 0.761719 0.935352 0.757812 0.943555 0.714648 0.938086 0.694531 0.940820 0.637891 0.924609 0.571875 0.917969 0.571875 0.908398 0.618945 0.886914 0.623047 0.865430 0.621680 0.841211 0.613672 0.835742 0.597461 0.835742 0.577344 0.766992 0.573242
16 0.793945 0.439844 0.822266 0.504492 0.833008 0.594727 0.839844 0.613672 0.854688 0.621680 0.900391 0.621680 0.912500 0.613672 0.917969 0.589453 0.919336 0.540820 0.916602 0.493750 0.911133 0.468164 0.899023 0.445312 0.881445 0.437109 0.834375 0.435742
2 0.633594 0.314648 0.664648 0.310547 0.691602 0.311914 0.721289 0.321289 0.744141 0.336133 0.760352 0.356250 0.781836 0.376563 0.807422 0.394141 0.772461 0.402148 0.749609 0.411523 0.724023 0.414258 0.671484 0.350977
3 0.511133 0.289062 0.543359 0.292969 0.568945 0.301172 0.589258 0.325391 0.606836 0.357617 0.624219 0.431836 0.600000 0.522070 0.544727 0.667578 0.528711 0.750977 0.509766 0.763086 0.427539 0.755078 0.422266 0.728125 0.425000 0.699805 0.418164 0.664844 0.414062 0.602930 0.415430 0.519336 0.431641 0.472266 0.445117 0.377930 0.447852 0.337500 0.462695 0.291602
14 0.266016 0.483008 0.249805 0.458789 0.248438 0.429102 0.275391 0.422266 0.282031 0.445312
9 0.261914 0.716016 0.251172 0.660742 0.249805 0.549023 0.264648 0.447852 0.286133 0.404883 0.344141 0.344141 0.395313 0.310547 0.428906 0.298438 0.459961 0.294336 0.450586 0.336133 0.446484 0.380664 0.438281 0.422266 0.434375 0.473438 0.419531 0.509961 0.415430 0.651367 0.426172 0.702539 0.425000 0.730859 0.431641 0.757812 0.264648 0.744336
18 0.587695 0.656641 0.613086 0.650977 0.635742 0.653320 0.657227 0.666016 0.673633 0.698242 0.686914 0.763867 0.693164 0.814453 0.684375 0.859766 0.660937 0.899609 0.636914 0.911523 0.605469 0.903320 0.576367 0.868750 0.561914 0.823828 0.559375 0.732227 0.566211 0.699414 0.583398 0.660937
18 0.731641 0.811914 0.788477 0.808008 0.830273 0.798047 0.823828 0.825781 0.799805 0.851562 0.765234 0.849805 0.740625 0.833398 0.727344 0.810547
18 0.173633 0.630078 0.187500 0.618750 0.198242 0.617383 0.213477 0.625000 0.227930 0.652734 0.244922 0.759375 0.246875 0.788477 0.218359 0.824414 0.184961 0.833398 0.171680 0.814453 0.157227 0.770898 0.150977 0.717773 0.156641 0.671680 0.168555 0.635156
