2 0.611328 0.298828 0.595703 0.298828 0.583984 0.318359 0.554688 0.330078 0.515625 0.330078 0.494141 0.353516 0.486328 0.386719 0.494141 0.445312 0.548828 0.519531 0.564453 0.513672 0.585938 0.523438 0.621094 0.505859 0.648438 0.476562 0.626953 0.322266
4 0.251953 0.345703 0.220703 0.371094 0.195312 0.453125 0.208984 0.486328 0.226562 0.492188 0.302734 0.486328 0.314453 0.462891 0.308594 0.376953 0.281250 0.347656
4 0.669922 0.306641 0.664062 0.312500 0.667969 0.437500 0.681641 0.476562 0.697266 0.500000 0.728516 0.498047 0.761719 0.507812 0.763672 0.458984 0.746094 0.347656 0.716797 0.314453
8 0.638672 0.527344 0.613281 0.531250 0.605469 0.578125 0.578125 0.605469 0.476562 0.625000 0.462891 0.673828 0.419922 0.724609 0.394531 0.720703 0.417969 0.750000 0.384766 0.802734 0.650391 0.796875
10 0.771484 0.753906 0.763672 0.744141 0.746094 0.751953 0.716797 0.751953 0.708984 0.755859 0.708984 0.759766 0.699219 0.769531 0.695312 0.779297 0.697266 0.787109 0.716797 0.794922 0.751953 0.791016 0.769531 0.777344
10 0.738281 0.328125 0.751953 0.359375 0.767578 0.498047 0.781250 0.496094 0.789062 0.507812 0.783203 0.548828 0.789062 0.566406 0.808594 0.574219 0.806641 0.589844 0.824219 0.562500 0.814453 0.529297 0.826172 0.507812 0.808594 0.482422 0.804688 0.419922 0.781250 0.373047
16 0.703125 0.599609 0.697266 0.626953 0.724609 0.662109 0.699219 0.677734 0.707031 0.703125 0.722656 0.720703 0.746094 0.728516 0.773438 0.712891 0.777344 0.722656 0.787109 0.720703 0.806641 0.687500 0.804688 0.667969 0.824219 0.640625 0.824219 0.607422 0.802734 0.625000 0.798828 0.603516 0.785156 0.593750
16 0.431641 0.578125 0.386719 0.570312 0.343750 0.507812 0.117188 0.519531 0.125000 0.546875 0.095703 0.554688 0.087891 0.591797 0.117188 0.792969 0.160156 0.808594 0.191406 0.722656 0.263672 0.681641 0.318359 0.722656 0.337891 0.800781 0.369141 0.806641 0.386719 0.640625
17 0.251953 0.716797 0.226562 0.722656 0.189453 0.787109 0.189453 0.824219 0.197266 0.855469 0.220703 0.894531 0.242188 0.910156 0.271484 0.912109 0.294922 0.896484 0.316406 0.857422 0.318359 0.796875 0.296875 0.738281 0.277344 0.722656
17 0.867188 0.693359 0.841797 0.699219 0.806641 0.759766 0.802734 0.839844 0.810547 0.859375 0.835938 0.876953 0.863281 0.876953 0.886719 0.863281 0.902344 0.835938 0.910156 0.800781 0.902344 0.724609
