4 0.314453 0.333984 0.253906 0.359375 0.218750 0.470703 0.271484 0.656250 0.302734 0.652344 0.291016 0.505859
6 0.773438 0.529297 0.734375 0.539062 0.718750 0.500000 0.625000 0.503906 0.582031 0.533203 0.595703 0.572266 0.458984 0.578125 0.470703 0.697266 0.501953 0.714844 0.611328 0.705078 0.628906 0.681641 0.707031 0.681641 0.744141 0.650391 0.781250 0.648438
7 0.652344 0.419922 0.603516 0.355469 0.556641 0.322266 0.447266 0.328125 0.367188 0.347656 0.386719 0.425781 0.406250 0.449219
9 0.765625 0.486328 0.755859 0.482422 0.740234 0.482422 0.730469 0.488281 0.724609 0.507812 0.730469 0.533203 0.734375 0.537109 0.744141 0.537109 0.773438 0.525391 0.769531 0.507812 0.769531 0.492188
10 0.322266 0.333984 0.292969 0.505859 0.304688 0.654297 0.369141 0.662109 0.371094 0.429688 0.351562 0.347656
11 0.455078 0.517578 0.457031 0.542969 0.464844 0.564453 0.519531 0.566406 0.546875 0.560547 0.533203 0.529297 0.515625 0.515625 0.462891 0.509766
12 0.732422 0.480469 0.658203 0.421875 0.408203 0.453125 0.431641 0.484375 0.531250 0.515625 0.566406 0.550781 0.585938 0.544922 0.582031 0.529297 0.609375 0.521484 0.595703 0.515625 0.605469 0.505859 0.693359 0.496094 0.705078 0.507812
17 0.765625 0.658203 0.748047 0.662109 0.730469 0.683594 0.685547 0.691406 0.675781 0.697266 0.675781 0.720703 0.695312 0.750000 0.705078 0.753906 0.736328 0.751953 0.757812 0.736328 0.769531 0.695312
17 0.414062 0.603516 0.396484 0.630859 0.408203 0.761719 0.429688 0.800781 0.468750 0.802734 0.490234 0.783203 0.496094 0.726562 0.464844 0.701172 0.441406 0.609375
17 0.224609 0.587891 0.212891 0.607422 0.216797 0.714844 0.228516 0.751953 0.240234 0.761719 0.261719 0.761719 0.279297 0.750000 0.285156 0.705078 0.257812 0.666016 0.240234 0.593750
