0 0.828125 0.652344 0.789062 0.632812 0.779297 0.691406 0.742188 0.714844 0.300781 0.714844 0.177734 0.673828 0.185547 0.855469 0.214844 0.876953 0.787109 0.871094 0.820312 0.828125
1 0.664062 0.324219 0.664062 0.316406 0.648438 0.306641 0.638672 0.308594 0.621094 0.320312 0.576172 0.316406 0.580078 0.328125 0.589844 0.339844 0.628906 0.355469 0.652344 0.347656 0.658203 0.341797
1 0.714844 0.285156 0.689453 0.322266 0.669922 0.386719 0.681641 0.398438 0.740234 0.384766 0.746094 0.388672 0.765625 0.371094 0.765625 0.351562 0.753906 0.318359 0.736328 0.306641 0.722656 0.310547 0.714844 0.300781
1 0.505859 0.285156 0.419922 0.253906 0.464844 0.230469 0.447266 0.220703 0.382812 0.226562 0.343750 0.257812 0.261719 0.242188 0.236328 0.382812 0.265625 0.404297 0.519531 0.384766 0.511719 0.314453 0.490234 0.296875
1 0.460938 0.095703 0.468750 0.132812 0.457031 0.144531 0.685547 0.152344 0.679688 0.142578 0.632812 0.146484 0.564453 0.113281 0.570312 0.099609 0.601562 0.095703
3 0.199219 0.449219 0.191406 0.453125 0.175781 0.556641 0.183594 0.632812 0.199219 0.623047 0.226562 0.628906 0.234375 0.621094 0.230469 0.458984
5 0.789062 0.455078 0.773438 0.484375 0.773438 0.613281 0.783203 0.628906 0.812500 0.628906 0.828125 0.615234 0.832031 0.533203 0.826172 0.480469 0.816406 0.457031
6 0.593750 0.431641 0.529297 0.421875 0.439453 0.435547 0.445312 0.451172 0.414062 0.464844 0.406250 0.500000 0.416016 0.578125 0.431641 0.609375 0.484375 0.605469 0.509766 0.585938 0.529297 0.542969 0.544922 0.562500 0.576172 0.537109 0.591797 0.507812 0.583984 0.451172 0.599609 0.457031 0.603516 0.447266
16 0.232422 0.433594 0.216797 0.666016 0.259766 0.705078 0.777344 0.691406 0.777344 0.425781 0.650391 0.414062 0.634766 0.464844 0.593750 0.421875 0.578125 0.537109 0.445312 0.615234 0.378906 0.537109 0.453125 0.421875
16 0.472656 0.181641 0.517578 0.199219 0.531250 0.228516 0.513672 0.242188 0.507812 0.265625 0.541016 0.294922 0.552734 0.277344 0.658203 0.291016 0.669922 0.240234 0.646484 0.216797 0.658203 0.185547 0.580078 0.171875
16 0.292969 0.201172 0.304688 0.189453 0.310547 0.208984 0.328125 0.185547 0.339844 0.191406 0.373047 0.191406 0.419922 0.181641 0.343750 0.177734 0.345703 0.169922 0.376953 0.164062 0.328125 0.158203 0.306641 0.162109 0.308594 0.187500 0.300781 0.185547
17 0.277344 0.888672 0.238281 0.921875 0.189453 0.916016 0.193359 0.998047 0.279297 0.996094
17 0.812500 0.878906 0.773438 0.888672 0.718750 0.884766 0.710938 0.892578 0.708984 0.949219 0.716797 0.998047 0.802734 0.996094
