0 0.181641 0.589844 0.156250 0.691406 0.173828 0.699219 0.171875 0.775391 0.193359 0.808594 0.291016 0.828125 0.326172 0.806641 0.369141 0.837891 0.453125 0.822266 0.451172 0.781250 0.363281 0.759766 0.353516 0.738281 0.365234 0.712891 0.339844 0.689453 0.335938 0.660156 0.251953 0.595703 0.197266 0.578125
0 0.810547 0.480469 0.765625 0.460938 0.771484 0.589844 0.738281 0.646484 0.732422 0.750000 0.554688 0.785156 0.535156 0.832031 0.679688 0.841797 0.699219 0.806641 0.804688 0.830078 0.789062 0.800781 0.816406 0.796875 0.810547 0.751953 0.767578 0.736328 0.820312 0.710938
1 0.261719 0.322266 0.349609 0.361328 0.650391 0.345703 0.707031 0.357422 0.744141 0.333984 0.699219 0.228516 0.623047 0.201172 0.443359 0.224609 0.322266 0.205078 0.294922 0.228516
3 0.251953 0.332031 0.224609 0.355469 0.205078 0.404297 0.197266 0.451172 0.207031 0.501953 0.214844 0.482422 0.232422 0.464844 0.246094 0.462891 0.259766 0.443359 0.267578 0.351562
5 0.757812 0.349609 0.750000 0.359375 0.748047 0.376953 0.757812 0.410156 0.759766 0.449219 0.773438 0.466797 0.785156 0.466797 0.808594 0.478516 0.812500 0.451172 0.802734 0.404297 0.767578 0.349609
15 0.500000 0.466797 0.496094 0.476562 0.484375 0.478516 0.503906 0.490234 0.498047 0.496094 0.455078 0.496094 0.458984 0.507812 0.423828 0.521484 0.417969 0.535156 0.417969 0.562500 0.427734 0.580078 0.482422 0.607422 0.505859 0.605469 0.537109 0.576172 0.562500 0.574219 0.572266 0.562500 0.560547 0.531250
16 0.083984 0.509766 0.078125 0.523438 0.080078 0.544922 0.072266 0.550781 0.078125 0.570312 0.072266 0.599609 0.087891 0.636719 0.097656 0.628906 0.113281 0.632812 0.119141 0.626953 0.115234 0.593750 0.134766 0.576172 0.132812 0.562500 0.121094 0.550781 0.138672 0.529297 0.134766 0.523438
16 0.273438 0.351562 0.255859 0.539062 0.208984 0.570312 0.341797 0.664062 0.369141 0.761719 0.517578 0.828125 0.550781 0.783203 0.728516 0.750000 0.767578 0.587891 0.746094 0.357422
17 0.794922 0.839844 0.767578 0.835938 0.746094 0.847656 0.722656 0.841797 0.697266 0.851562 0.693359 0.869141 0.701172 0.937500 0.718750 0.964844 0.751953 0.972656 0.773438 0.970703 0.787109 0.958984 0.796875 0.927734
17 0.191406 0.824219 0.185547 0.833984 0.187500 0.910156 0.197266 0.955078 0.218750 0.974609 0.250000 0.970703 0.269531 0.949219 0.281250 0.853516 0.248047 0.826172 0.201172 0.830078
