15 0.262109 0.344727 0.224219 0.345898 0.196484 0.340039 0.174805 0.328516 0.174805 0.302148 0.183984 0.284961 0.203516 0.274609 0.235547 0.265430 0.262109 0.286133 0.263281 0.311328
14 0.684766 0.298633 0.679102 0.259570 0.651563 0.241211 0.642383 0.245898 0.658398 0.268750
8 0.303516 0.141406 0.460742 0.136719 0.497656 0.139063 0.547070 0.148242 0.618164 0.222852 0.640039 0.260742 0.666406 0.288281 0.705469 0.321680 0.685937 0.332031 0.635547 0.335547 0.450391 0.358398 0.409180 0.359570 0.342578 0.355078 0.323047 0.343555 0.304492 0.314844 0.287305 0.219531 0.270117 0.145898
13 0.342578 0.353906 0.334375 0.364258 0.336719 0.395313 0.433203 0.458398 0.540039 0.540039 0.586133 0.589453 0.641211 0.674414 0.664258 0.675586 0.697461 0.687109 0.749219 0.683594 0.833008 0.658398 0.898633 0.630664 0.900781 0.604297 0.915820 0.592773 0.931836 0.573242 0.934180 0.552539 0.928516 0.514648 0.919141 0.483594 0.896289 0.436523 0.849219 0.396289 0.810156 0.367578 0.714648 0.318164 0.679102 0.330859 0.610156 0.337695 0.457422 0.359570 0.375781 0.359570
10 0.425195 0.457227 0.418359 0.519336 0.434375 0.551562 0.464258 0.644531 0.499805 0.660547 0.596484 0.673242 0.645703 0.675586 0.571094 0.573242 0.471094 0.484766
7 0.373437 0.605469 0.440234 0.642188 0.484961 0.656055 0.583789 0.669727 0.658398 0.673242 0.692969 0.684766 0.746875 0.685937 0.791797 0.677930 0.837695 0.662891 0.899609 0.633008 0.905469 0.598633 0.921484 0.585938 0.937695 0.548047 0.945703 0.593945 0.946875 0.731836 0.951367 0.764062 0.938672 0.800781 0.928516 0.801953 0.893945 0.827148 0.831836 0.862891 0.762891 0.888086 0.673438 0.907617 0.660742 0.917969 0.590625 0.924805 0.506836 0.920312 0.472266 0.912305 0.439063 0.891602 0.411328 0.869727 0.404492 0.825000 0.398828 0.734180 0.388477 0.659375
18 0.336719 0.559570 0.316016 0.576758 0.296484 0.630664 0.293164 0.690430 0.296484 0.754883 0.306836 0.844531 0.314844 0.881250 0.332227 0.914453 0.357422 0.933984 0.379297 0.938672 0.408008 0.935156 0.428711 0.916797 0.435547 0.890430 0.416016 0.873242 0.404492 0.831836 0.396484 0.713477 0.381641 0.636523 0.363086 0.580273
18 0.062500 0.397656 0.071289 0.399023 0.092773 0.564453 0.075195 0.609766 0.060547 0.597266 0.046680 0.532227 0.043945 0.434570 0.059570 0.399609
9 0.152148 0.589258 0.138086 0.436914 0.155859 0.301367 0.201563 0.119922 0.235352 0.127539 0.249219 0.145313 0.265234 0.196680 0.287695 0.357422 0.276367 0.406055 0.270703 0.706055 0.155859 0.592969
3 0.199805 0.120898 0.145508 0.353711 0.134375 0.437695 0.149219 0.585352 0.105273 0.540625 0.063281 0.345313 0.068945 0.294727 0.082031 0.226562 0.119336 0.158398 0.162305 0.129297
