2 0.691406 0.330078 0.724609 0.486328 0.726562 0.687500 0.738281 0.691406 0.763672 0.677734 0.773438 0.648438 0.773438 0.503906 0.738281 0.347656
6 0.154297 0.630859 0.166016 0.740234 0.208984 0.759766 0.248047 0.746094 0.273438 0.792969 0.517578 0.814453 0.556641 0.775391 0.570312 0.654297 0.539062 0.632812 0.433594 0.648438 0.447266 0.576172 0.244141 0.558594 0.232422 0.634766
7 0.283203 0.470703 0.343750 0.460938 0.601562 0.476562 0.617188 0.462891 0.628906 0.345703 0.375000 0.332031
8 0.685547 0.332031 0.648438 0.339844 0.638672 0.394531 0.652344 0.722656 0.722656 0.693359 0.730469 0.652344 0.722656 0.486328
9 0.544922 0.566406 0.523438 0.556641 0.457031 0.570312 0.443359 0.589844 0.433594 0.646484 0.531250 0.638672 0.542969 0.617188
11 0.183594 0.539062 0.173828 0.552734 0.166016 0.583984 0.173828 0.617188 0.220703 0.632812 0.230469 0.630859 0.236328 0.599609 0.234375 0.564453 0.199219 0.541016
12 0.199219 0.531250 0.251953 0.558594 0.449219 0.574219 0.531250 0.552734 0.595703 0.480469 0.332031 0.462891 0.257812 0.482422
16 0.800781 0.482422 0.781250 0.490234 0.787109 0.574219 0.792969 0.578125 0.802734 0.568359 0.814453 0.572266 0.828125 0.605469 0.835938 0.611328 0.841797 0.607422 0.847656 0.576172 0.859375 0.552734 0.861328 0.503906 0.843750 0.484375
17 0.179688 0.761719 0.173828 0.781250 0.175781 0.812500 0.191406 0.845703 0.207031 0.857422 0.248047 0.857422 0.261719 0.851562 0.273438 0.802734 0.253906 0.783203 0.248047 0.765625 0.210938 0.769531
17 0.605469 0.662109 0.580078 0.671875 0.564453 0.779297 0.519531 0.835938 0.531250 0.875000 0.564453 0.898438 0.601562 0.894531 0.628906 0.816406 0.632812 0.746094 0.617188 0.673828
17 0.798828 0.621094 0.783203 0.634766 0.771484 0.701172 0.744141 0.761719 0.750000 0.810547 0.771484 0.826172 0.804688 0.818359 0.820312 0.763672 0.824219 0.667969 0.814453 0.636719
