2 0.722656 0.349609 0.771484 0.552734 0.763672 0.720703 0.814453 0.722656 0.833984 0.695312 0.857422 0.503906 0.802734 0.394531 0.769531 0.365234
6 0.080078 0.664062 0.152344 0.748047 0.107422 0.753906 0.125000 0.792969 0.474609 0.810547 0.521484 0.625000 0.466797 0.615234 0.484375 0.585938 0.437500 0.623047 0.312500 0.626953 0.337891 0.599609 0.298828 0.597656 0.335938 0.576172 0.199219 0.564453 0.148438 0.589844 0.138672 0.568359 0.113281 0.667969
7 0.638672 0.371094 0.609375 0.359375 0.414062 0.367188 0.314453 0.439453 0.302734 0.480469 0.470703 0.476562 0.511719 0.486328 0.603516 0.466797
8 0.708984 0.345703 0.662109 0.373047 0.623047 0.484375 0.638672 0.746094 0.761719 0.718750 0.767578 0.537109 0.724609 0.357422
9 0.498047 0.554688 0.486328 0.548828 0.410156 0.570312 0.322266 0.613281 0.314453 0.626953 0.371094 0.636719 0.437500 0.621094 0.482422 0.585938
10 0.210938 0.130859 0.195312 0.140625 0.201172 0.158203 0.197266 0.189453 0.205078 0.203125 0.208984 0.226562 0.214844 0.232422 0.220703 0.232422 0.236328 0.212891 0.228516 0.171875 0.220703 0.164062 0.222656 0.156250 0.228516 0.152344 0.226562 0.134766
12 0.583984 0.480469 0.291016 0.480469 0.138672 0.546875 0.175781 0.564453 0.341797 0.574219 0.302734 0.595703 0.318359 0.603516 0.437500 0.544922 0.492188 0.544922
17 0.128906 0.810547 0.132812 0.832031 0.154297 0.859375 0.177734 0.867188 0.195312 0.867188 0.220703 0.855469 0.238281 0.832031 0.242188 0.818359 0.238281 0.810547 0.226562 0.806641 0.164062 0.804688
17 0.546875 0.634766 0.519531 0.679688 0.505859 0.800781 0.480469 0.843750 0.503906 0.882812 0.554688 0.894531 0.576172 0.882812 0.593750 0.845703 0.605469 0.718750 0.589844 0.664062 0.570312 0.640625
17 0.878906 0.617188 0.865234 0.619141 0.851562 0.654297 0.841797 0.750000 0.816406 0.773438 0.824219 0.804688 0.853516 0.820312 0.882812 0.814453 0.902344 0.761719 0.902344 0.660156
