2 0.642578 0.363281 0.677734 0.503906 0.685547 0.742188 0.730469 0.742188 0.748047 0.562500 0.738281 0.462891 0.703125 0.369141
6 0.105469 0.656250 0.119141 0.769531 0.257812 0.820312 0.351562 0.832031 0.359375 0.818359 0.412109 0.839844 0.478516 0.771484 0.496094 0.669922 0.476562 0.640625 0.369141 0.650391 0.392578 0.597656 0.171875 0.589844 0.173828 0.642578 0.115234 0.640625
7 0.570312 0.382812 0.476562 0.367188 0.341797 0.375000 0.294922 0.414062 0.234375 0.501953 0.535156 0.505859
7 0.167969 0.003906 0.236328 0.029297 0.240234 0.080078 0.273438 0.074219 0.277344 0.021484 0.283203 0.068359 0.308594 0.070312 0.322266 0.115234 0.429688 0.134766 0.480469 0.117188 0.548828 0.140625 0.617188 0.113281 0.634766 0.066406 0.673828 0.056641 0.703125 0.007812
8 0.632812 0.365234 0.591797 0.382812 0.568359 0.466797 0.576172 0.757812 0.683594 0.742188 0.671875 0.474609 0.656250 0.462891 0.656250 0.416016
9 0.474609 0.582031 0.439453 0.578125 0.410156 0.585938 0.394531 0.597656 0.369141 0.646484 0.457031 0.646484 0.476562 0.636719
11 0.136719 0.572266 0.125000 0.582031 0.117188 0.597656 0.115234 0.628906 0.121094 0.636719 0.164062 0.644531 0.167969 0.642578 0.158203 0.582031 0.148438 0.572266
12 0.162109 0.574219 0.175781 0.587891 0.396484 0.593750 0.466797 0.574219 0.533203 0.529297 0.517578 0.507812 0.228516 0.505859
16 0.867188 0.509766 0.755859 0.519531 0.750000 0.708984 0.769531 0.751953 0.822266 0.625000 0.841797 0.640625 0.857422 0.712891 0.873047 0.697266 0.882812 0.648438
17 0.109375 0.775391 0.111328 0.830078 0.126953 0.867188 0.146484 0.888672 0.173828 0.898438 0.203125 0.898438 0.240234 0.871094 0.253906 0.843750 0.253906 0.826172 0.246094 0.818359 0.173828 0.810547 0.154297 0.779297
17 0.521484 0.681641 0.501953 0.685547 0.486328 0.722656 0.478516 0.789062 0.447266 0.816406 0.429688 0.857422 0.447266 0.888672 0.476562 0.900391 0.511719 0.900391 0.531250 0.890625 0.560547 0.841797 0.550781 0.730469 0.542969 0.705078
17 0.816406 0.679688 0.808594 0.683594 0.794922 0.722656 0.792969 0.757812 0.767578 0.791016 0.755859 0.824219 0.769531 0.873047 0.785156 0.880859 0.824219 0.875000 0.841797 0.830078 0.845703 0.738281 0.826172 0.687500
