15 0.212695 0.488281 0.220703 0.472266 0.235547 0.458398 0.251758 0.453906 0.243750 0.468750
14 0.561914 0.483594 0.620508 0.471094 0.618164 0.450391 0.607812 0.440039 0.592969 0.433203 0.569922 0.428516 0.566602 0.438867 0.567578 0.465234 0.544727 0.464062
8 0.341406 0.376758 0.459766 0.361914 0.555078 0.357227 0.527539 0.445703 0.518359 0.460742 0.291992 0.469922 0.244922 0.474414 0.280469 0.430859 0.313672 0.397461
13 0.521680 0.461914 0.495312 0.525000 0.449414 0.536523 0.333203 0.553711 0.263281 0.559570 0.198828 0.556055 0.168945 0.548047 0.196484 0.512500 0.223047 0.485938 0.244922 0.469922 0.340234 0.471094 0.448242 0.464062
10 0.391797 0.546875 0.363086 0.583594 0.405664 0.579102 0.416016 0.589453 0.447070 0.576758 0.475781 0.564063 0.488477 0.550391 0.499805 0.526172 0.424023 0.543359
12 0.168945 0.543359 0.156445 0.567578 0.151758 0.584766 0.168945 0.604297 0.178125 0.593945 0.203516 0.600781 0.206836 0.560742 0.186328 0.556055
9 0.566406 0.374414 0.586914 0.352344 0.609961 0.352344 0.640039 0.441211 0.653711 0.511133 0.651563 0.613281 0.657422 0.686914 0.576758 0.691602 0.572656 0.588477 0.560547 0.499023 0.539062 0.467969 0.549023 0.417578 0.565234 0.374414
3 0.618359 0.354492 0.655859 0.381836 0.691992 0.438086 0.708398 0.501172 0.708984 0.579492 0.698438 0.685352 0.658984 0.683789 0.656836 0.531250 0.647266 0.469531 0.610547 0.352344
18 0.476953 0.739453 0.512695 0.727344 0.506445 0.703125 0.516797 0.586914 0.532227 0.574219 0.545312 0.582812 0.556836 0.611719 0.565234 0.663281 0.561133 0.717383 0.553125 0.756250 0.541016 0.773242 0.515820 0.775781 0.481055 0.767383 0.475781 0.738477
18 0.677344 0.728906 0.705273 0.716406 0.708398 0.650000 0.715820 0.603320 0.723047 0.591211 0.734766 0.592773 0.747852 0.641602 0.751953 0.708398 0.742578 0.753125 0.728906 0.769531 0.700977 0.771094 0.681641 0.757422 0.675195 0.731055
18 0.172852 0.754297 0.222852 0.743750 0.260742 0.743164 0.254883 0.767383 0.236523 0.792188 0.202344 0.798438 0.179688 0.780469
18 0.406445 0.744141 0.434766 0.739453 0.472656 0.740625 0.465234 0.769922 0.450586 0.776367 0.416992 0.769531 0.408008 0.745313
7 0.211133 0.558594 0.269141 0.563281 0.385937 0.549023 0.357422 0.583789 0.405859 0.580273 0.415625 0.589648 0.479492 0.563281 0.499023 0.527930 0.512695 0.516406 0.528516 0.546875 0.509961 0.570703 0.504297 0.709961 0.479492 0.736328 0.188672 0.741602 0.140625 0.730078 0.137109 0.694336 0.138672 0.607422 0.149609 0.583203 0.170117 0.605273 0.179102 0.597461 0.208594 0.599609 0.206445 0.559570
