2 0.125000 0.414062 0.083984 0.416016 0.083984 0.443359 0.070312 0.500000 0.070312 0.546875 0.078125 0.554688 0.097656 0.556641 0.111328 0.550781 0.128906 0.478516 0.132812 0.419922
6 0.275391 0.576172 0.275391 0.740234 0.300781 0.755859 0.744141 0.732422 0.742188 0.554688 0.726562 0.529297 0.636719 0.556641 0.666016 0.501953 0.406250 0.496094 0.367188 0.509766 0.376953 0.564453 0.289062 0.548828
7 0.330078 0.380859 0.333984 0.396484 0.685547 0.388672 0.652344 0.269531 0.634766 0.257812 0.367188 0.269531
8 0.082031 0.416016 0.041016 0.431641 0.003906 0.474609 0.003906 0.546875 0.013672 0.558594 0.056641 0.558594 0.070312 0.550781 0.068359 0.500000 0.082031 0.443359
9 0.728516 0.478516 0.720703 0.470703 0.712891 0.470703 0.697266 0.480469 0.640625 0.533203 0.634766 0.550781 0.642578 0.556641 0.671875 0.558594 0.712891 0.542969 0.722656 0.533203 0.730469 0.509766
11 0.294922 0.478516 0.285156 0.500000 0.292969 0.539062 0.304688 0.550781 0.337891 0.564453 0.357422 0.566406 0.375000 0.562500 0.378906 0.558594 0.376953 0.546875 0.355469 0.517578 0.306641 0.482422
12 0.300781 0.468750 0.357422 0.507812 0.488281 0.486328 0.671875 0.500000 0.714844 0.462891 0.683594 0.394531 0.330078 0.400391
12 0.880859 0.375000 0.890625 0.392578 0.890625 0.404297 0.904297 0.412109 0.917969 0.414062 0.953125 0.431641 0.982422 0.429688 0.982422 0.416016 0.974609 0.400391 0.953125 0.382812 0.929688 0.373047 0.912109 0.380859 0.890625 0.380859
13 0.707031 0.347656 0.707031 0.408203 0.714844 0.414062 0.724609 0.416016 0.736328 0.410156 0.748047 0.398438 0.751953 0.386719 0.751953 0.371094 0.740234 0.355469 0.718750 0.347656
14 0.283203 0.361328 0.265625 0.371094 0.261719 0.396484 0.263672 0.406250 0.271484 0.416016 0.283203 0.421875 0.294922 0.421875 0.302734 0.416016 0.306641 0.406250 0.306641 0.376953 0.300781 0.363281
17 0.279297 0.755859 0.273438 0.783203 0.275391 0.828125 0.287109 0.832031 0.316406 0.832031 0.332031 0.824219 0.339844 0.808594 0.343750 0.787109 0.339844 0.769531 0.330078 0.763672
17 0.740234 0.746094 0.689453 0.755859 0.677734 0.763672 0.679688 0.791016 0.685547 0.806641 0.693359 0.814453 0.714844 0.818359 0.728516 0.814453 0.738281 0.806641 0.744141 0.781250 0.744141 0.755859
17 0.861328 0.503906 0.849609 0.503906 0.833984 0.515625 0.822266 0.546875 0.822266 0.605469 0.839844 0.619141 0.873047 0.611328 0.888672 0.597656 0.890625 0.537109 0.875000 0.513672
