1 0.746094 0.451172 0.724609 0.425781 0.685547 0.425781 0.677734 0.437500 0.664062 0.437500 0.660156 0.441406 0.658203 0.460938 0.652344 0.470703 0.683594 0.482422 0.720703 0.478516 0.736328 0.472656
1 0.630859 0.287109 0.601562 0.193359 0.410156 0.205078 0.402344 0.216797 0.419922 0.220703 0.417969 0.261719 0.458984 0.273438 0.482422 0.310547 0.619141 0.302734
3 0.523438 0.566406 0.515625 0.576172 0.517578 0.597656 0.523438 0.609375 0.533203 0.599609 0.541016 0.607422 0.541016 0.619141 0.533203 0.623047 0.523438 0.613281 0.519531 0.636719 0.533203 0.646484 0.533203 0.673828 0.519531 0.685547 0.542969 0.693359 0.550781 0.685547 0.554688 0.662109 0.554688 0.580078 0.550781 0.566406 0.541016 0.578125
4 0.158203 0.322266 0.156250 0.347656 0.166016 0.419922 0.183594 0.441406 0.199219 0.441406 0.214844 0.462891 0.230469 0.468750 0.222656 0.380859 0.218750 0.373047 0.203125 0.373047 0.191406 0.349609 0.177734 0.353516
6 0.404297 0.582031 0.423828 0.707031 0.519531 0.763672 0.541016 0.804688 0.576172 0.806641 0.580078 0.771484 0.644531 0.744141 0.685547 0.753906 0.722656 0.726562 0.716797 0.701172 0.605469 0.705078 0.587891 0.675781 0.546875 0.703125 0.519531 0.697266 0.501953 0.626953 0.482422 0.693359 0.460938 0.611328
8 0.255859 0.166016 0.238281 0.175781 0.195312 0.232422 0.160156 0.298828 0.160156 0.322266 0.173828 0.347656 0.191406 0.347656 0.203125 0.371094 0.218750 0.371094 0.228516 0.396484 0.242188 0.304688 0.271484 0.187500 0.253906 0.199219
10 0.236328 0.376953 0.228516 0.412109 0.236328 0.476562 0.289062 0.535156 0.304688 0.541016 0.296875 0.390625 0.291016 0.386719 0.273438 0.408203 0.250000 0.417969
16 0.880859 0.494141 0.824219 0.476562 0.564453 0.515625 0.556641 0.683594 0.521484 0.693359 0.544922 0.701172 0.587891 0.671875 0.613281 0.699219 0.787109 0.656250 0.828125 0.681641 0.832031 0.656250 0.882812 0.634766
16 0.636719 0.328125 0.632812 0.322266 0.566406 0.324219 0.533203 0.337891 0.503906 0.335938 0.484375 0.343750 0.509766 0.347656 0.533203 0.341797 0.546875 0.355469 0.541016 0.361328 0.544922 0.365234 0.562500 0.367188 0.576172 0.355469 0.601562 0.363281 0.621094 0.357422
17 0.347656 0.574219 0.328125 0.603516 0.322266 0.707031 0.347656 0.802734 0.369141 0.826172 0.394531 0.828125 0.416016 0.802734 0.402344 0.681641 0.371094 0.582031
17 0.121094 0.357422 0.113281 0.367188 0.109375 0.396484 0.115234 0.478516 0.126953 0.521484 0.136719 0.531250 0.150391 0.533203 0.156250 0.527344 0.160156 0.478516 0.136719 0.373047
