14 0.725000 0.318164 0.765234 0.312500 0.790625 0.303320 0.791797 0.282617 0.787109 0.261914 0.776758 0.253906 0.753711 0.248242 0.736523 0.248242 0.716992 0.296484
8 0.453906 0.121875 0.503320 0.114844 0.568750 0.111523 0.665234 0.113672 0.689453 0.118359 0.674609 0.179297 0.656055 0.298633 0.640039 0.332031 0.592969 0.334375 0.505664 0.329688 0.347070 0.312500 0.308008 0.303320 0.326367 0.266602 0.362109 0.216016 0.403320 0.164258 0.426367 0.144727
13 0.634375 0.328516 0.640039 0.346875 0.629687 0.373437 0.589453 0.432031 0.580273 0.450391 0.560742 0.453906 0.527539 0.487109 0.486133 0.484766 0.464258 0.488281 0.409180 0.482617 0.350586 0.472266 0.229883 0.441211 0.212695 0.430859 0.205859 0.416992 0.235547 0.371094 0.298828 0.299805 0.335547 0.310156 0.392969 0.318164 0.488477 0.328516 0.590625 0.334375
10 0.595313 0.449219 0.632031 0.441211 0.640039 0.450391 0.619336 0.549219 0.597461 0.566406 0.535547 0.583594 0.480273 0.591602 0.472266 0.587109 0.490625 0.536523 0.506836 0.506641 0.556250 0.454883
7 0.622852 0.552539 0.659570 0.549219 0.641211 0.612305 0.636523 0.645703 0.628516 0.767383 0.632031 0.812305 0.610156 0.838672 0.583789 0.862891 0.548047 0.874219 0.463086 0.875391 0.406836 0.870898 0.391797 0.844531 0.305664 0.825000 0.236719 0.789258 0.193164 0.742188 0.186328 0.749023 0.172461 0.726172 0.162109 0.699609 0.164453 0.653711 0.159766 0.542188 0.163281 0.504297 0.172461 0.488281 0.179297 0.465234 0.187305 0.473438 0.189648 0.451562 0.202344 0.420508 0.218359 0.434375 0.247070 0.445703 0.374609 0.477930 0.457422 0.489453 0.482617 0.484766 0.524023 0.488281 0.506836 0.504297 0.466602 0.582422 0.481445 0.593945 0.519336 0.584766 0.549219 0.582422 0.598633 0.566406
15 0.321875 0.269922 0.311523 0.263086 0.312695 0.243555 0.321875 0.229687 0.343555 0.230859 0.345898 0.236719
18 0.645898 0.625000 0.650195 0.587109 0.667969 0.545508 0.679883 0.534766 0.695703 0.540430 0.703906 0.579492 0.701953 0.651563 0.695117 0.721680 0.684961 0.760742 0.664062 0.779687 0.652734 0.783398 0.637695 0.749414 0.637695 0.693164 0.643945 0.633789
18 0.834570 0.369922 0.841602 0.328320 0.847852 0.313672 0.854102 0.328320 0.852344 0.414062 0.840820 0.447656 0.833398 0.451953 0.833398 0.369922
9 0.703906 0.125000 0.725977 0.099805 0.748828 0.090820 0.797266 0.259375 0.805469 0.338477 0.794727 0.486133 0.720898 0.597852 0.703320 0.348438 0.688086 0.272656 0.686914 0.220312 0.705859 0.126953
3 0.753711 0.089648 0.774023 0.090820 0.803125 0.124414 0.828320 0.190625 0.844141 0.279687 0.826953 0.434961 0.797266 0.479883 0.806250 0.338477 0.801758 0.268945 0.750586 0.090820
