2 0.757812 0.341797 0.746094 0.345703 0.785156 0.558594 0.781250 0.748047 0.826172 0.703125 0.839844 0.544922 0.798828 0.365234
6 0.074219 0.712891 0.087891 0.822266 0.128906 0.865234 0.505859 0.935547 0.556641 0.875000 0.560547 0.740234 0.363281 0.740234 0.404297 0.646484 0.167969 0.613281 0.164062 0.705078
7 0.671875 0.345703 0.394531 0.333984 0.287109 0.488281 0.638672 0.505859
8 0.736328 0.339844 0.689453 0.353516 0.671875 0.486328 0.673828 0.816406 0.689453 0.851562 0.777344 0.750000 0.787109 0.707031 0.781250 0.541016
9 0.537109 0.634766 0.523438 0.623047 0.416016 0.640625 0.392578 0.701172 0.388672 0.740234 0.462891 0.750000 0.531250 0.742188 0.539062 0.689453 0.550781 0.677734
11 0.123047 0.585938 0.111328 0.595703 0.101562 0.617188 0.093750 0.681641 0.097656 0.691406 0.107422 0.697266 0.152344 0.708984 0.158203 0.703125 0.164062 0.628906 0.160156 0.617188
12 0.128906 0.583984 0.166016 0.611328 0.232422 0.613281 0.345703 0.652344 0.408203 0.644531 0.515625 0.607422 0.623047 0.513672 0.298828 0.488281 0.181641 0.535156
16 0.888672 0.501953 0.875000 0.501953 0.867188 0.521484 0.855469 0.533203 0.855469 0.541016 0.865234 0.556641 0.851562 0.574219 0.853516 0.603516 0.859375 0.599609 0.855469 0.587891 0.863281 0.580078 0.876953 0.587891 0.886719 0.585938 0.892578 0.564453 0.898438 0.558594 0.888672 0.542969 0.894531 0.523438
17 0.142578 0.876953 0.140625 0.904297 0.164062 0.945312 0.185547 0.957031 0.234375 0.960938 0.253906 0.923828 0.259766 0.900391 0.253906 0.892578
17 0.619141 0.738281 0.599609 0.742188 0.583984 0.765625 0.566406 0.878906 0.519531 0.949219 0.527344 0.998047 0.628906 0.998047 0.650391 0.828125 0.638672 0.765625
17 0.857422 0.648438 0.845703 0.652344 0.833984 0.720703 0.800781 0.771484 0.804688 0.835938 0.826172 0.855469 0.855469 0.849609 0.871094 0.810547 0.876953 0.669922
