0 0.367188 0.646484 0.398438 0.720703 0.650391 0.777344 0.759766 0.777344 0.724609 0.728516 0.730469 0.714844 0.685547 0.677734 0.437500 0.628906
1 0.474609 0.312500 0.468750 0.306641 0.455078 0.304688 0.447266 0.291016 0.404297 0.304688 0.394531 0.302734 0.394531 0.316406 0.382812 0.328125 0.378906 0.343750 0.398438 0.359375 0.427734 0.357422 0.425781 0.347656 0.433594 0.337891 0.449219 0.330078 0.462891 0.332031 0.472656 0.322266
1 0.589844 0.287109 0.589844 0.306641 0.613281 0.310547 0.632812 0.332031 0.613281 0.353516 0.601562 0.353516 0.603516 0.371094 0.619141 0.384766 0.613281 0.396484 0.701172 0.417969 0.697266 0.380859 0.679688 0.339844 0.667969 0.359375 0.658203 0.361328 0.648438 0.341797 0.648438 0.308594 0.619141 0.291016
1 0.480469 0.259766 0.494141 0.269531 0.482422 0.275391 0.492188 0.277344 0.507812 0.300781 0.496094 0.322266 0.500000 0.333984 0.541016 0.369141 0.539062 0.380859 0.560547 0.384766 0.554688 0.376953 0.560547 0.359375 0.585938 0.361328 0.593750 0.351562 0.556641 0.337891 0.527344 0.302734 0.562500 0.277344 0.548828 0.267578
2 0.263672 0.400391 0.253906 0.410156 0.240234 0.474609 0.236328 0.541016 0.244141 0.552734 0.251953 0.552734 0.267578 0.535156 0.281250 0.576172 0.296875 0.550781 0.287109 0.529297 0.289062 0.408203
3 0.421875 0.398438 0.410156 0.406250 0.404297 0.437500 0.400391 0.533203 0.410156 0.542969 0.439453 0.548828 0.455078 0.404297
5 0.896484 0.500000 0.888672 0.505859 0.878906 0.564453 0.873047 0.644531 0.882812 0.652344 0.898438 0.646484 0.919922 0.593750 0.910156 0.562500 0.912109 0.511719 0.908203 0.503906
8 0.417969 0.208984 0.314453 0.244141 0.244141 0.396484 0.193359 0.445312 0.177734 0.574219 0.226562 0.636719 0.230469 0.558594 0.269531 0.566406 0.234375 0.541016 0.257812 0.392578 0.300781 0.369141 0.285156 0.357422 0.316406 0.320312 0.353516 0.324219
10 0.236328 0.556641 0.232422 0.558594 0.228516 0.591797 0.228516 0.634766 0.273438 0.656250 0.271484 0.572266 0.255859 0.562500 0.242188 0.564453
16 0.466797 0.378906 0.447266 0.542969 0.404297 0.541016 0.445312 0.570312 0.388672 0.625000 0.673828 0.671875 0.734375 0.722656 0.855469 0.722656 0.894531 0.476562
16 0.427734 0.367188 0.298828 0.384766 0.289062 0.394531 0.304688 0.406250 0.296875 0.466797 0.304688 0.533203 0.337891 0.478516 0.355469 0.558594 0.363281 0.558594 0.384766 0.478516 0.382812 0.447266 0.414062 0.390625 0.433594 0.376953
17 0.761719 0.832031 0.708984 0.853516 0.701172 0.863281 0.708984 0.945312 0.748047 0.960938 0.773438 0.962891 0.789062 0.951172 0.800781 0.921875 0.808594 0.859375 0.794922 0.835938
17 0.328125 0.587891 0.310547 0.621094 0.291016 0.832031 0.304688 0.863281 0.365234 0.875000 0.386719 0.814453 0.386719 0.763672 0.357422 0.720703 0.343750 0.607422
17 0.146484 0.552734 0.119141 0.591797 0.107422 0.632812 0.107422 0.714844 0.130859 0.763672 0.199219 0.779297 0.222656 0.757812 0.232422 0.722656 0.181641 0.667969 0.156250 0.558594
