0 0.380859 0.730469 0.386719 0.796875 0.412109 0.781250 0.468750 0.859375 0.546875 0.857422 0.554688 0.923828 0.609375 0.941406 0.613281 0.896484 0.892578 0.816406 0.908203 0.693359 0.904297 0.740234 0.845703 0.765625 0.800781 0.701172 0.791016 0.718750 0.712891 0.675781 0.599609 0.671875 0.523438 0.591797 0.451172 0.576172 0.431641 0.683594
1 0.808594 0.318359 0.765625 0.261719 0.664062 0.232422 0.617188 0.265625 0.517578 0.275391 0.484375 0.250000 0.447266 0.261719 0.482422 0.328125
2 0.292969 0.175781 0.248047 0.365234 0.216797 0.425781 0.238281 0.568359 0.259766 0.548828 0.277344 0.464844 0.328125 0.376953 0.324219 0.337891 0.339844 0.314453 0.337891 0.240234 0.322266 0.197266
3 0.511719 0.406250 0.439453 0.417969 0.441406 0.427734 0.457031 0.425781 0.472656 0.443359 0.451172 0.470703 0.433594 0.449219 0.412109 0.449219 0.410156 0.421875 0.400391 0.421875 0.404297 0.462891 0.427734 0.501953 0.455078 0.517578 0.533203 0.515625 0.531250 0.458984
5 0.910156 0.429688 0.902344 0.433594 0.896484 0.445312 0.898438 0.470703 0.867188 0.507812 0.867188 0.523438 0.875000 0.533203 0.884766 0.521484 0.894531 0.527344 0.902344 0.515625 0.904297 0.478516 0.912109 0.468750
7 0.482422 0.185547 0.509766 0.240234 0.535156 0.236328 0.554688 0.248047 0.580078 0.248047 0.617188 0.224609 0.646484 0.216797 0.699219 0.222656 0.693359 0.197266 0.662109 0.183594 0.548828 0.171875
8 0.283203 0.175781 0.240234 0.210938 0.162109 0.398438 0.169922 0.560547 0.207031 0.605469 0.220703 0.519531 0.214844 0.425781 0.246094 0.365234
15 0.658203 0.324219 0.681641 0.332031 0.621094 0.410156 0.654297 0.441406 0.642578 0.464844 0.730469 0.486328 0.775391 0.537109 0.814453 0.548828 0.832031 0.490234 0.865234 0.470703 0.892578 0.400391 0.880859 0.373047 0.816406 0.324219
16 0.496094 0.339844 0.566406 0.488281 0.523438 0.562500 0.552734 0.628906 0.595703 0.667969 0.712891 0.673828 0.789062 0.714844 0.812500 0.679688 0.841797 0.742188 0.865234 0.673828 0.814453 0.574219 0.824219 0.535156 0.785156 0.544922 0.738281 0.492188 0.644531 0.468750 0.652344 0.441406 0.619141 0.416016 0.679688 0.328125
17 0.294922 0.609375 0.281250 0.675781 0.283203 0.929688 0.304688 0.976562 0.322266 0.986328 0.394531 0.908203 0.359375 0.873047 0.318359 0.619141
17 0.134766 0.441406 0.132812 0.605469 0.138672 0.619141 0.152344 0.611328 0.156250 0.601562 0.150391 0.482422
