0 0.152344 0.628906 0.154297 0.654297 0.167969 0.666016 0.183594 0.666016 0.201172 0.673828 0.236328 0.673828 0.269531 0.666016 0.263672 0.650391 0.250000 0.648438 0.207031 0.623047 0.181641 0.623047 0.167969 0.636719
1 0.498047 0.304688 0.486328 0.302734 0.476562 0.283203 0.441406 0.294922 0.414062 0.292969 0.384766 0.304688 0.378906 0.324219 0.384766 0.371094 0.417969 0.375000 0.492188 0.357422 0.500000 0.333984
4 0.521484 0.275391 0.509766 0.283203 0.509766 0.292969 0.501953 0.312500 0.498047 0.361328 0.511719 0.371094 0.533203 0.365234 0.544922 0.349609 0.544922 0.339844 0.525391 0.304688 0.525391 0.281250
4 0.601562 0.271484 0.625000 0.613281 0.642578 0.626953 0.738281 0.623047 0.738281 0.435547 0.703125 0.275391
5 0.234375 0.406250 0.236328 0.462891 0.230469 0.488281 0.242188 0.546875 0.250000 0.562500 0.263672 0.570312 0.273438 0.562500 0.275391 0.550781 0.267578 0.425781 0.259766 0.402344
10 0.707031 0.277344 0.740234 0.435547 0.742188 0.623047 0.847656 0.617188 0.869141 0.564453 0.871094 0.503906 0.841797 0.380859 0.781250 0.310547
16 0.585938 0.453125 0.560547 0.410156 0.472656 0.378906 0.259766 0.390625 0.257812 0.572266 0.230469 0.398438 0.095703 0.408203 0.050781 0.433594 0.054688 0.542969 0.089844 0.601562 0.382812 0.677734 0.433594 0.542969 0.480469 0.505859 0.591797 0.607422
17 0.201172 0.708984 0.201172 0.718750 0.212891 0.738281 0.234375 0.751953 0.292969 0.748047 0.310547 0.726562 0.308594 0.710938 0.298828 0.707031 0.289062 0.708984 0.277344 0.720703 0.259766 0.724609 0.251953 0.732422 0.228516 0.710938 0.212891 0.705078
17 0.488281 0.572266 0.458984 0.582031 0.433594 0.609375 0.400391 0.730469 0.412109 0.789062 0.437500 0.808594 0.505859 0.800781 0.542969 0.732422 0.550781 0.673828 0.537109 0.617188 0.515625 0.585938
17 0.921875 0.546875 0.906250 0.546875 0.892578 0.560547 0.873047 0.626953 0.849609 0.667969 0.861328 0.703125 0.890625 0.718750 0.935547 0.710938 0.949219 0.695312 0.962891 0.658203 0.964844 0.613281 0.941406 0.562500
