15 0.245703 0.445312 0.189062 0.442578 0.179688 0.421094 0.181055 0.395313 0.194531 0.380664 0.255078 0.383203 0.265820 0.407617 0.268555 0.430469 0.280664 0.431836 0.280664 0.447852 0.268555 0.461328
8 0.295508 0.270117 0.337305 0.263477 0.473242 0.260742 0.529883 0.264844 0.576953 0.274219 0.616016 0.298438 0.663281 0.334766 0.725195 0.398047 0.745508 0.411523 0.692969 0.410156 0.548828 0.414258 0.395117 0.429102 0.356055 0.429102 0.331836 0.414258 0.308984 0.317188
13 0.353516 0.426367 0.349414 0.446680 0.407422 0.500391 0.420703 0.505859 0.442383 0.507227 0.478711 0.527344 0.517773 0.520703 0.544727 0.524805 0.590430 0.515234 0.738672 0.493750 0.800586 0.492383 0.838281 0.495117 0.862695 0.485742 0.838281 0.457422 0.779102 0.423633 0.748047 0.412891 0.714453 0.410156 0.585156 0.412891 0.387109 0.429102
12 0.350781 0.547656 0.361523 0.581250 0.373633 0.606836 0.416797 0.618945 0.529883 0.625781 0.531250 0.612305 0.496289 0.549023 0.461133 0.517969 0.435547 0.508594 0.369531 0.505859 0.352148 0.511328 0.346680 0.519336
7 0.369531 0.604102 0.326562 0.627148 0.350781 0.703906 0.376367 0.854688 0.384375 0.883008 0.427539 0.899219 0.494922 0.900586 0.571680 0.892383 0.632227 0.889844 0.754883 0.870898 0.810156 0.854688 0.862695 0.834570 0.927344 0.783398 0.938086 0.744336 0.929883 0.691797 0.933984 0.641992 0.932617 0.596094 0.920508 0.569141 0.902930 0.544922 0.893555 0.562500 0.880078 0.522070 0.861328 0.484375 0.842383 0.496484 0.781836 0.491016 0.663281 0.501758 0.541992 0.524805 0.523242 0.520703 0.473242 0.528711 0.492188 0.543555 0.507031 0.561133 0.527148 0.600195 0.533984 0.627148 0.447656 0.624414 0.412695 0.620313
10 0.855859 0.470898 0.882812 0.492383 0.892188 0.509961 0.894922 0.552930 0.877344 0.515234
5 0.219141 0.274023 0.235547 0.265234 0.217188 0.313672 0.174219 0.462695 0.166016 0.500586 0.171680 0.575195 0.188672 0.662891 0.186328 0.678711 0.163477 0.662305 0.148438 0.640820 0.136914 0.594141 0.120508 0.492383 0.120508 0.460156 0.162695 0.347461 0.189648 0.301367
11 0.235742 0.266016 0.257617 0.264258 0.271680 0.269531 0.284961 0.283203 0.300195 0.365820 0.296680 0.394922 0.298828 0.446680 0.285742 0.461523 0.274414 0.467773 0.264258 0.565039 0.261719 0.632031 0.273047 0.752344 0.186523 0.679102 0.189062 0.661914 0.170703 0.557813 0.166992 0.514258 0.172656 0.470703 0.236328 0.266211
18 0.327344 0.634766 0.346875 0.699219 0.380273 0.883594 0.422656 0.898633 0.408789 0.940430 0.393555 0.959961 0.339844 0.956836 0.324219 0.944141 0.307812 0.914453 0.295117 0.875977 0.283789 0.801562 0.284961 0.705469 0.291406 0.677148 0.303906 0.648633 0.325391 0.633594
18 0.120898 0.550195 0.132812 0.621484 0.144141 0.651953 0.151172 0.666992 0.163086 0.672656 0.185352 0.694141 0.175195 0.717578 0.161328 0.723242 0.129688 0.717578 0.120313 0.704883 0.113867 0.670898 0.107617 0.605078 0.115234 0.549609
