0 0.533203 0.623047 0.468750 0.597656 0.464844 0.521484 0.406250 0.521484 0.410156 0.599609 0.367188 0.632812 0.185547 0.619141 0.156250 0.558594 0.138672 0.703125 0.205078 0.742188 0.468750 0.763672 0.509766 0.740234
1 0.488281 0.369141 0.435547 0.345703 0.306641 0.343750 0.240234 0.382812 0.197266 0.423828 0.191406 0.445312 0.210938 0.458984 0.388672 0.449219 0.451172 0.417969
4 0.587891 0.349609 0.574219 0.363281 0.568359 0.457031 0.591797 0.593750 0.621094 0.644531 0.623047 0.722656 0.634766 0.734375 0.691406 0.732422 0.714844 0.644531 0.708984 0.505859 0.660156 0.353516
5 0.408203 0.468750 0.404297 0.515625 0.410156 0.521484 0.449219 0.523438 0.474609 0.517578 0.478516 0.500000 0.466797 0.478516 0.441406 0.447266 0.427734 0.453125 0.416016 0.466797
10 0.664062 0.355469 0.716797 0.544922 0.703125 0.726562 0.806641 0.714844 0.830078 0.638672 0.824219 0.527344 0.748047 0.408203
15 0.400391 0.445312 0.306641 0.460938 0.177734 0.455078 0.152344 0.531250 0.179688 0.562500 0.181641 0.607422 0.318359 0.619141 0.308594 0.558594 0.242188 0.548828 0.236328 0.501953 0.244141 0.494141 0.267578 0.515625 0.283203 0.468750 0.373047 0.466797
16 0.408203 0.455078 0.341797 0.474609 0.283203 0.470703 0.267578 0.517578 0.242188 0.496094 0.250000 0.513672 0.234375 0.539062 0.267578 0.556641 0.304688 0.552734 0.322266 0.617188 0.226562 0.621094 0.386719 0.623047 0.402344 0.603516
17 0.210938 0.763672 0.208984 0.798828 0.232422 0.849609 0.279297 0.857422 0.306641 0.839844 0.322266 0.804688 0.318359 0.789062 0.294922 0.783203 0.267578 0.796875 0.224609 0.763672
17 0.566406 0.652344 0.529297 0.660156 0.513672 0.753906 0.492188 0.814453 0.505859 0.878906 0.533203 0.892578 0.585938 0.873047 0.613281 0.796875 0.605469 0.701172 0.591797 0.673828
17 0.871094 0.625000 0.849609 0.632812 0.826172 0.753906 0.814453 0.781250 0.820312 0.806641 0.853516 0.820312 0.875000 0.818359 0.886719 0.808594 0.902344 0.759766 0.902344 0.664062 0.892578 0.640625
