0 0.548828 0.630859 0.521484 0.601562 0.488281 0.609375 0.474609 0.517578 0.419922 0.533203 0.318359 0.625000 0.208984 0.623047 0.162109 0.587891 0.144531 0.732422 0.164062 0.753906 0.218750 0.744141 0.304688 0.779297 0.501953 0.798828
1 0.515625 0.353516 0.476562 0.347656 0.392578 0.359375 0.328125 0.384766 0.292969 0.412109 0.449219 0.416016
3 0.166016 0.472656 0.158203 0.484375 0.156250 0.501953 0.160156 0.527344 0.175781 0.550781 0.169922 0.566406 0.175781 0.576172 0.201172 0.572266 0.214844 0.583984 0.210938 0.566406 0.199219 0.572266 0.189453 0.558594 0.193359 0.539062 0.214844 0.513672 0.214844 0.500000 0.207031 0.492188 0.191406 0.492188 0.175781 0.474609
4 0.597656 0.363281 0.580078 0.375000 0.582031 0.521484 0.630859 0.666016 0.646484 0.769531 0.710938 0.779297 0.716797 0.560547 0.658203 0.375000
5 0.394531 0.525391 0.417969 0.533203 0.476562 0.513672 0.500000 0.482422 0.501953 0.470703 0.466797 0.460938 0.421875 0.460938 0.406250 0.476562
10 0.660156 0.375000 0.718750 0.560547 0.720703 0.775391 0.798828 0.765625 0.822266 0.652344 0.792969 0.574219 0.792969 0.517578 0.712891 0.408203
15 0.451172 0.417969 0.269531 0.419922 0.199219 0.443359 0.175781 0.472656 0.216797 0.500000 0.191406 0.556641 0.218750 0.583984 0.183594 0.574219 0.181641 0.601562 0.199219 0.611328 0.218750 0.597656 0.273438 0.619141 0.335938 0.609375 0.380859 0.558594 0.410156 0.451172
17 0.212891 0.791016 0.210938 0.802734 0.216797 0.822266 0.232422 0.845703 0.246094 0.847656 0.269531 0.841797 0.285156 0.849609 0.298828 0.849609 0.308594 0.843750 0.314453 0.830078 0.314453 0.816406 0.308594 0.810547 0.279297 0.812500 0.265625 0.828125 0.259766 0.816406 0.248047 0.812500 0.228516 0.789062 0.216797 0.787109
17 0.851562 0.666016 0.835938 0.691406 0.820312 0.794922 0.804688 0.808594 0.802734 0.822266 0.814453 0.841797 0.871094 0.830078 0.888672 0.789062 0.886719 0.707031 0.867188 0.675781
17 0.580078 0.640625 0.560547 0.642578 0.544922 0.662109 0.517578 0.806641 0.498047 0.841797 0.505859 0.888672 0.531250 0.908203 0.589844 0.904297 0.621094 0.849609 0.625000 0.726562 0.611328 0.677734
