2 0.148438 0.246094 0.154297 0.322266 0.177734 0.400391 0.183594 0.380859 0.195312 0.373047 0.183594 0.361328 0.185547 0.349609 0.210938 0.326172 0.210938 0.314453 0.195312 0.275391
2 0.646484 0.238281 0.687500 0.414062 0.685547 0.591797 0.695312 0.595703 0.720703 0.535156 0.736328 0.375000 0.699219 0.275391 0.677734 0.250000
6 0.216797 0.539062 0.216797 0.644531 0.281250 0.705078 0.318359 0.675781 0.404297 0.681641 0.412109 0.654297 0.453125 0.681641 0.541016 0.662109 0.556641 0.521484 0.392578 0.539062 0.466797 0.472656 0.267578 0.470703 0.277344 0.539062
7 0.589844 0.259766 0.486328 0.253906 0.419922 0.271484 0.371094 0.320312 0.332031 0.386719 0.558594 0.388672 0.574219 0.369141
8 0.142578 0.244141 0.107422 0.263672 0.078125 0.361328 0.087891 0.578125 0.142578 0.556641 0.152344 0.509766 0.169922 0.486328 0.175781 0.398438
8 0.642578 0.240234 0.609375 0.257812 0.595703 0.367188 0.623047 0.501953 0.625000 0.630859 0.679688 0.597656 0.687500 0.529297 0.681641 0.386719
9 0.539062 0.455078 0.521484 0.449219 0.468750 0.472656 0.423828 0.529297 0.402344 0.529297 0.396484 0.539062 0.404297 0.544922 0.433594 0.544922 0.525391 0.527344 0.541016 0.472656
11 0.240234 0.457031 0.232422 0.462891 0.226562 0.474609 0.222656 0.492188 0.222656 0.519531 0.230469 0.529297 0.265625 0.539062 0.267578 0.521484 0.263672 0.511719 0.261719 0.484375 0.246094 0.458984
12 0.562500 0.392578 0.330078 0.390625 0.285156 0.412109 0.251953 0.453125 0.259766 0.466797 0.464844 0.470703 0.531250 0.447266
17 0.244141 0.708984 0.246094 0.740234 0.261719 0.763672 0.287109 0.771484 0.304688 0.771484 0.312500 0.767578 0.320312 0.753906 0.324219 0.734375 0.318359 0.724609 0.289062 0.720703 0.253906 0.705078
17 0.578125 0.550781 0.562500 0.568359 0.548828 0.683594 0.521484 0.730469 0.529297 0.787109 0.548828 0.798828 0.583984 0.794922 0.605469 0.750000 0.603516 0.583984 0.597656 0.562500
17 0.017578 0.523438 0.000000 0.546875 0.000000 0.697266 0.005859 0.722656 0.035156 0.724609 0.052734 0.708984 0.060547 0.689453 0.062500 0.582031 0.044922 0.531250
17 0.746094 0.509766 0.732422 0.517578 0.716797 0.626953 0.701172 0.648438 0.701172 0.675781 0.720703 0.693359 0.742188 0.691406 0.755859 0.664062 0.753906 0.523438
