1 0.185547 0.324219 0.152344 0.326172 0.130859 0.347656 0.113281 0.394531 0.115234 0.412109 0.111328 0.419922 0.117188 0.419922 0.121094 0.427734 0.177734 0.353516 0.185547 0.337891
4 0.257812 0.302734 0.191406 0.322266 0.158203 0.384766 0.128906 0.564453 0.148438 0.697266 0.169922 0.742188 0.214844 0.740234 0.208984 0.539062
6 0.439453 0.646484 0.447266 0.816406 0.472656 0.837891 0.898438 0.812500 0.916016 0.781250 0.914062 0.648438 0.898438 0.625000 0.847656 0.634766 0.843750 0.554688 0.599609 0.548828 0.615234 0.640625
7 0.339844 0.306641 0.371094 0.457031 0.716797 0.464844 0.625000 0.314453 0.529297 0.300781
9 0.857422 0.529297 0.847656 0.552734 0.847656 0.630859 0.851562 0.634766 0.880859 0.632812 0.898438 0.623047 0.896484 0.572266 0.884766 0.542969 0.865234 0.529297
10 0.292969 0.296875 0.259766 0.304688 0.220703 0.474609 0.216797 0.740234 0.312500 0.761719 0.328125 0.455078 0.320312 0.314453
11 0.490234 0.523438 0.470703 0.552734 0.482422 0.589844 0.482422 0.617188 0.505859 0.630859 0.595703 0.636719 0.589844 0.599609 0.564453 0.552734 0.535156 0.533203
12 0.390625 0.464844 0.445312 0.503906 0.519531 0.515625 0.580078 0.550781 0.845703 0.552734 0.853516 0.529297 0.728516 0.468750
17 0.882812 0.826172 0.820312 0.839844 0.763672 0.871094 0.748047 0.906250 0.759766 0.945312 0.781250 0.974609 0.833984 0.980469 0.863281 0.960938 0.884766 0.892578
17 0.373047 0.689453 0.353516 0.708984 0.333984 0.785156 0.349609 0.955078 0.367188 0.998047 0.451172 0.998047 0.468750 0.919922 0.464844 0.859375 0.437500 0.818359 0.421875 0.703125 0.406250 0.689453
17 0.117188 0.669922 0.095703 0.705078 0.093750 0.804688 0.111328 0.890625 0.121094 0.902344 0.148438 0.908203 0.171875 0.894531 0.181641 0.826172 0.148438 0.789062 0.134766 0.687500
