0 0.646484 0.923828 0.654297 0.968750 0.677734 0.990234 0.703125 0.996094 0.726562 0.994141 0.779297 0.976562 0.773438 0.958984 0.755859 0.937500 0.697266 0.906250 0.666016 0.908203
0 0.503906 0.546875 0.480469 0.611328 0.414062 0.652344 0.480469 0.865234 0.734375 0.888672 0.703125 0.816406 0.812500 0.763672 0.925781 0.652344 0.921875 0.531250 0.751953 0.626953 0.583984 0.580078 0.595703 0.521484
1 0.408203 0.226562 0.541016 0.333984 0.781250 0.304688 0.687500 0.242188 0.601562 0.216797 0.453125 0.214844
2 0.320312 0.236328 0.259766 0.246094 0.207031 0.462891 0.214844 0.640625 0.271484 0.683594 0.376953 0.314453 0.371094 0.283203
3 0.453125 0.419922 0.458984 0.443359 0.537109 0.509766 0.580078 0.509766 0.601562 0.470703 0.636719 0.500000 0.626953 0.423828 0.609375 0.431641 0.593750 0.425781 0.554688 0.431641 0.515625 0.417969
8 0.257812 0.246094 0.189453 0.304688 0.125000 0.472656 0.138672 0.599609 0.205078 0.642578 0.205078 0.462891
8 0.974609 0.236328 0.943359 0.234375 0.906250 0.253906 0.871094 0.289062 0.884766 0.304688 0.875000 0.324219 0.888672 0.333984 0.906250 0.326172 0.982422 0.316406 0.988281 0.304688
15 0.566406 0.333984 0.607422 0.382812 0.646484 0.365234 0.716797 0.412109 0.697266 0.466797 0.671875 0.458984 0.654297 0.490234 0.718750 0.488281 0.654297 0.515625 0.679688 0.601562 0.748047 0.619141 0.873047 0.554688 0.878906 0.367188 0.861328 0.343750 0.785156 0.312500
16 0.634766 0.365234 0.617188 0.386719 0.650391 0.494141 0.568359 0.515625 0.607422 0.525391 0.580078 0.574219 0.708984 0.617188 0.669922 0.593750 0.652344 0.515625 0.714844 0.482422 0.652344 0.490234 0.671875 0.457031 0.695312 0.466797 0.683594 0.460938 0.705078 0.447266 0.695312 0.427734 0.714844 0.412109 0.689453 0.382812
17 0.123047 0.744141 0.111328 0.750000 0.109375 0.761719 0.115234 0.804688 0.123047 0.830078 0.132812 0.843750 0.138672 0.837891 0.144531 0.787109 0.136719 0.753906 0.130859 0.746094
17 0.335938 0.619141 0.318359 0.638672 0.306641 0.689453 0.314453 0.794922 0.361328 0.916016 0.378906 0.931641 0.406250 0.931641 0.453125 0.910156 0.464844 0.878906 0.445312 0.857422 0.425781 0.755859 0.390625 0.662109 0.367188 0.625000
17 0.093750 0.509766 0.087891 0.542969 0.103516 0.638672 0.113281 0.652344 0.121094 0.652344 0.125000 0.644531 0.121094 0.578125 0.107422 0.519531
