4 0.253906 0.292969 0.232422 0.308594 0.189453 0.464844 0.197266 0.607422 0.244141 0.634766 0.244141 0.480469 0.285156 0.300781
6 0.826172 0.640625 0.816406 0.623047 0.757812 0.636719 0.767578 0.560547 0.564453 0.572266 0.576172 0.650391 0.425781 0.642578 0.429688 0.748047 0.470703 0.783203 0.535156 0.792969 0.585938 0.783203 0.621094 0.730469 0.787109 0.746094 0.812500 0.720703
7 0.349609 0.314453 0.384766 0.453125 0.664062 0.451172 0.589844 0.314453 0.394531 0.302734
9 0.794922 0.544922 0.779297 0.550781 0.759766 0.578125 0.755859 0.611328 0.761719 0.638672 0.783203 0.636719 0.816406 0.621094 0.812500 0.572266 0.804688 0.552734
10 0.291016 0.300781 0.246094 0.480469 0.244141 0.609375 0.251953 0.636719 0.326172 0.675781 0.351562 0.425781 0.335938 0.314453
11 0.458984 0.554688 0.455078 0.580078 0.464844 0.634766 0.548828 0.646484 0.568359 0.642578 0.564453 0.603516 0.548828 0.570312 0.523438 0.556641 0.480469 0.550781
12 0.402344 0.457031 0.408203 0.490234 0.474609 0.539062 0.531250 0.542969 0.582031 0.574219 0.710938 0.574219 0.789062 0.542969 0.771484 0.515625 0.669922 0.453125
17 0.779297 0.757812 0.767578 0.750000 0.742188 0.748047 0.732422 0.789062 0.726562 0.794922 0.697266 0.796875 0.685547 0.804688 0.701172 0.851562 0.753906 0.839844 0.771484 0.824219 0.779297 0.798828 0.783203 0.765625
17 0.367188 0.625000 0.343750 0.726562 0.349609 0.785156 0.375000 0.857422 0.392578 0.869141 0.423828 0.869141 0.462891 0.847656 0.462891 0.800781 0.425781 0.753906 0.417969 0.671875 0.404297 0.632812
17 0.158203 0.554688 0.146484 0.564453 0.140625 0.595703 0.144531 0.687500 0.158203 0.730469 0.169922 0.738281 0.189453 0.738281 0.208984 0.714844 0.212891 0.669922 0.189453 0.628906 0.179688 0.560547
