2 0.652344 0.292969 0.677734 0.478516 0.681641 0.644531 0.753906 0.644531 0.777344 0.628906 0.789062 0.404297 0.744141 0.298828
6 0.091797 0.500000 0.064453 0.580078 0.076172 0.714844 0.226562 0.748047 0.351562 0.726562 0.386719 0.617188 0.355469 0.542969 0.222656 0.583984 0.242188 0.523438 0.296875 0.507812
7 0.544922 0.306641 0.498047 0.300781 0.373047 0.312500 0.265625 0.427734 0.482422 0.435547
8 0.644531 0.292969 0.566406 0.312500 0.521484 0.396484 0.521484 0.597656 0.541016 0.683594 0.679688 0.646484 0.666016 0.376953
9 0.361328 0.501953 0.337891 0.500000 0.253906 0.515625 0.234375 0.537109 0.220703 0.566406 0.220703 0.580078 0.287109 0.574219 0.333984 0.556641 0.359375 0.535156
12 0.101562 0.494141 0.240234 0.509766 0.357422 0.496094 0.378906 0.472656 0.441406 0.466797 0.478516 0.439453 0.255859 0.429688 0.150391 0.455078 0.113281 0.472656
16 0.814453 0.433594 0.794922 0.630859 0.806641 0.634766 0.830078 0.564453 0.867188 0.519531 0.900391 0.535156 0.925781 0.621094 0.970703 0.597656 0.980469 0.570312 0.968750 0.433594 0.847656 0.419922
17 0.134766 0.750000 0.134766 0.763672 0.142578 0.775391 0.158203 0.789062 0.181641 0.800781 0.197266 0.802734 0.216797 0.796875 0.230469 0.785156 0.238281 0.769531 0.238281 0.761719 0.232422 0.757812 0.164062 0.740234 0.146484 0.742188
17 0.439453 0.621094 0.414062 0.623047 0.396484 0.636719 0.365234 0.712891 0.353516 0.810547 0.396484 0.867188 0.458984 0.853516 0.498047 0.755859 0.496094 0.691406 0.468750 0.640625
17 0.867188 0.564453 0.851562 0.566406 0.837891 0.582031 0.822266 0.650391 0.806641 0.677734 0.818359 0.734375 0.837891 0.748047 0.865234 0.748047 0.884766 0.734375 0.906250 0.664062 0.902344 0.603516 0.886719 0.572266
