0 0.486328 0.769531 0.480469 0.773438 0.486328 0.857422 0.505859 0.884766 0.521484 0.886719 0.531250 0.882812 0.515625 0.863281 0.500000 0.798828 0.500000 0.775391
0 0.570312 0.878906 0.732422 0.876953 0.869141 0.826172 0.876953 0.761719 0.919922 0.734375 0.919922 0.703125 0.884766 0.730469 0.699219 0.775391 0.652344 0.697266 0.570312 0.693359 0.572266 0.748047 0.558594 0.755859
1 0.611328 0.265625 0.617188 0.296875 0.675781 0.314453 0.654297 0.333984 0.646484 0.373047 0.677734 0.419922 0.753906 0.453125 0.833984 0.435547 0.841797 0.457031 0.867188 0.457031 0.849609 0.375000 0.800781 0.332031 0.820312 0.318359 0.826172 0.285156 0.794922 0.236328 0.666016 0.269531
2 0.367188 0.263672 0.347656 0.271484 0.339844 0.320312 0.310547 0.281250 0.261719 0.466797 0.257812 0.667969 0.312500 0.695312 0.380859 0.490234 0.392578 0.355469
3 0.578125 0.503906 0.572266 0.515625 0.572266 0.572266 0.558594 0.595703 0.576172 0.634766 0.560547 0.681641 0.589844 0.687500 0.599609 0.683594 0.589844 0.648438 0.576172 0.634766 0.591797 0.619141 0.595703 0.552734 0.585938 0.533203 0.587891 0.511719
8 0.304688 0.285156 0.257812 0.300781 0.232422 0.330078 0.164062 0.490234 0.177734 0.646484 0.238281 0.679688 0.255859 0.669922 0.259766 0.466797
16 0.511719 0.742188 0.505859 0.750000 0.501953 0.792969 0.515625 0.859375 0.537109 0.884766 0.560547 0.886719 0.572266 0.871094 0.574219 0.851562 0.556641 0.763672 0.533203 0.742188
16 0.628906 0.416016 0.615234 0.500000 0.646484 0.527344 0.652344 0.646484 0.630859 0.654297 0.658203 0.669922 0.636719 0.693359 0.664062 0.705078 0.681641 0.761719 0.714844 0.773438 0.890625 0.720703 0.902344 0.578125 0.875000 0.589844 0.865234 0.574219 0.878906 0.474609 0.712891 0.462891
17 0.376953 0.691406 0.355469 0.708984 0.337891 0.765625 0.347656 0.878906 0.337891 0.947266 0.369141 0.998047 0.478516 0.998047 0.486328 0.943359 0.464844 0.908203 0.445312 0.751953 0.417969 0.691406
17 0.125000 0.566406 0.111328 0.591797 0.119141 0.707031 0.132812 0.746094 0.146484 0.757812 0.160156 0.757812 0.177734 0.744141 0.179688 0.720703 0.158203 0.675781 0.148438 0.587891 0.136719 0.570312
