0 0.593750 0.578125 0.542969 0.560547 0.527344 0.490234 0.484375 0.498047 0.480469 0.535156 0.382812 0.583984 0.259766 0.582031 0.199219 0.541016 0.185547 0.595703 0.197266 0.705078 0.214844 0.720703 0.560547 0.728516
1 0.554688 0.310547 0.458984 0.298828 0.375000 0.312500 0.326172 0.333984 0.277344 0.388672 0.509766 0.386719
4 0.623047 0.312500 0.593750 0.343750 0.619141 0.408203 0.619141 0.482422 0.650391 0.552734 0.671875 0.710938 0.714844 0.720703 0.732422 0.712891 0.728516 0.476562 0.691406 0.406250 0.675781 0.314453
5 0.554688 0.437500 0.533203 0.431641 0.496094 0.431641 0.476562 0.441406 0.472656 0.447266 0.476562 0.472656 0.468750 0.484375 0.468750 0.496094 0.501953 0.496094 0.527344 0.484375 0.548828 0.458984
10 0.677734 0.314453 0.693359 0.406250 0.730469 0.476562 0.734375 0.712891 0.812500 0.705078 0.826172 0.683594 0.828125 0.580078 0.792969 0.449219 0.736328 0.353516
15 0.500000 0.390625 0.292969 0.390625 0.236328 0.414062 0.216797 0.435547 0.214844 0.494141 0.232422 0.560547 0.255859 0.574219 0.416016 0.566406 0.449219 0.517578 0.464844 0.431641
16 0.476562 0.433594 0.466797 0.433594 0.451172 0.517578 0.416016 0.568359 0.255859 0.576172 0.226562 0.548828 0.228516 0.562500 0.273438 0.582031 0.417969 0.574219 0.455078 0.546875
17 0.232422 0.734375 0.228516 0.755859 0.246094 0.810547 0.269531 0.826172 0.294922 0.826172 0.308594 0.820312 0.326172 0.792969 0.332031 0.755859 0.314453 0.746094 0.287109 0.750000 0.261719 0.732422
17 0.619141 0.585938 0.595703 0.597656 0.576172 0.726562 0.550781 0.781250 0.566406 0.832031 0.587891 0.841797 0.628906 0.833984 0.654297 0.767578 0.652344 0.648438 0.636719 0.601562
17 0.865234 0.580078 0.847656 0.595703 0.837891 0.720703 0.812500 0.753906 0.822266 0.785156 0.839844 0.792969 0.867188 0.791016 0.875000 0.783203 0.888672 0.736328 0.886719 0.626953
