2 0.654297 0.255859 0.677734 0.433594 0.679688 0.589844 0.689453 0.599609 0.761719 0.593750 0.777344 0.582031 0.789062 0.478516 0.785156 0.365234 0.742188 0.261719
6 0.089844 0.460938 0.064453 0.529297 0.070312 0.662109 0.244141 0.699219 0.353516 0.673828 0.384766 0.578125 0.353516 0.500000 0.302734 0.527344 0.220703 0.539062 0.250000 0.466797
7 0.544922 0.269531 0.375000 0.273438 0.263672 0.386719 0.480469 0.394531
8 0.642578 0.255859 0.568359 0.273438 0.521484 0.355469 0.525391 0.599609 0.541016 0.632812 0.677734 0.595703 0.666016 0.333984
9 0.359375 0.455078 0.291016 0.468750 0.250000 0.468750 0.228516 0.500000 0.218750 0.535156 0.287109 0.529297 0.337891 0.509766 0.359375 0.488281
12 0.101562 0.453125 0.298828 0.462891 0.361328 0.451172 0.378906 0.433594 0.435547 0.433594 0.478516 0.398438 0.238281 0.390625 0.107422 0.433594
16 0.812500 0.390625 0.792969 0.533203 0.798828 0.583984 0.843750 0.496094 0.873047 0.474609 0.902344 0.492188 0.927734 0.574219 0.976562 0.542969 0.976562 0.406250 0.957031 0.402344 0.955078 0.384766
17 0.132812 0.699219 0.134766 0.710938 0.144531 0.726562 0.166016 0.742188 0.201172 0.750000 0.220703 0.742188 0.238281 0.716797 0.230469 0.708984 0.208984 0.701172 0.173828 0.697266 0.156250 0.689453 0.140625 0.691406
17 0.441406 0.574219 0.406250 0.580078 0.384766 0.603516 0.351562 0.732422 0.361328 0.773438 0.400391 0.812500 0.460938 0.796875 0.498047 0.703125 0.496094 0.642578 0.466797 0.589844
17 0.875000 0.521484 0.851562 0.521484 0.839844 0.535156 0.822266 0.601562 0.806641 0.628906 0.816406 0.681641 0.837891 0.697266 0.876953 0.693359 0.898438 0.656250 0.906250 0.572266 0.894531 0.539062
