2 0.718750 0.628906 0.712891 0.632812 0.712891 0.658203 0.724609 0.666016 0.728516 0.685547 0.708984 0.761719 0.732422 0.800781 0.746094 0.800781 0.775391 0.769531 0.785156 0.714844 0.777344 0.695312 0.734375 0.662109 0.726562 0.634766
2 0.806641 0.322266 0.792969 0.333984 0.796875 0.349609 0.781250 0.357422 0.773438 0.367188 0.763672 0.359375 0.769531 0.388672 0.779297 0.382812 0.808594 0.414062 0.816406 0.414062 0.826172 0.335938 0.820312 0.324219
2 0.667969 0.294922 0.687500 0.441406 0.687500 0.400391 0.699219 0.365234 0.691406 0.347656 0.707031 0.330078 0.720703 0.330078 0.708984 0.353516 0.710938 0.371094 0.720703 0.357422 0.722656 0.324219 0.714844 0.314453
6 0.162109 0.691406 0.156250 0.699219 0.154297 0.728516 0.160156 0.755859 0.175781 0.773438 0.187500 0.767578 0.185547 0.732422 0.189453 0.722656 0.181641 0.705078
6 0.210938 0.613281 0.216797 0.775391 0.265625 0.796875 0.267578 0.847656 0.417969 0.845703 0.484375 0.865234 0.527344 0.853516 0.558594 0.740234 0.527344 0.701172 0.449219 0.707031 0.462891 0.617188
7 0.232422 0.498047 0.558594 0.498047 0.595703 0.306641 0.384766 0.296875 0.316406 0.312500 0.320312 0.343750 0.267578 0.396484
8 0.638672 0.289062 0.605469 0.355469 0.593750 0.527344 0.625000 0.621094 0.623047 0.757812 0.638672 0.824219 0.660156 0.832031 0.730469 0.798828 0.707031 0.751953 0.726562 0.685547 0.710938 0.632812 0.732422 0.632812 0.732422 0.605469 0.681641 0.533203 0.666016 0.300781
9 0.515625 0.582031 0.486328 0.589844 0.470703 0.613281 0.451172 0.695312 0.455078 0.708984 0.513672 0.703125 0.527344 0.693359 0.531250 0.613281
12 0.177734 0.572266 0.208984 0.611328 0.464844 0.613281 0.507812 0.580078 0.500000 0.566406 0.560547 0.503906 0.232422 0.500000 0.179688 0.539062
16 0.767578 0.521484 0.740234 0.574219 0.753906 0.644531 0.796875 0.695312 0.816406 0.683594 0.832031 0.689453 0.837891 0.710938 0.841797 0.693359 0.892578 0.675781 0.892578 0.662109 0.875000 0.650391 0.919922 0.625000 0.923828 0.607422 0.865234 0.585938 0.857422 0.548828 0.875000 0.541016 0.816406 0.517578
16 0.773438 0.210938 0.763672 0.216797 0.771484 0.238281 0.748047 0.251953 0.757812 0.255859 0.771484 0.269531 0.791016 0.273438 0.798828 0.267578 0.802734 0.253906 0.796875 0.238281 0.802734 0.234375 0.802734 0.212891
17 0.166016 0.787109 0.167969 0.878906 0.197266 0.937500 0.224609 0.953125 0.273438 0.949219 0.302734 0.904297 0.310547 0.863281 0.191406 0.847656 0.179688 0.837891 0.187500 0.806641 0.242188 0.833984 0.253906 0.832031 0.261719 0.806641 0.195312 0.781250
17 0.582031 0.734375 0.568359 0.742188 0.568359 0.759766 0.548828 0.787109 0.537109 0.855469 0.492188 0.892578 0.501953 0.927734 0.531250 0.947266 0.591797 0.943359 0.623047 0.894531 0.609375 0.767578
17 0.810547 0.710938 0.798828 0.718750 0.785156 0.794922 0.761719 0.824219 0.767578 0.875000 0.781250 0.884766 0.808594 0.880859 0.820312 0.863281 0.826172 0.777344 0.822266 0.722656
