2 0.785156 0.257812 0.816406 0.427734 0.820312 0.601562 0.853516 0.570312 0.865234 0.425781 0.833984 0.275391
6 0.187500 0.564453 0.197266 0.667969 0.228516 0.695312 0.271484 0.685547 0.291016 0.708984 0.568359 0.763672 0.621094 0.685547 0.617188 0.603516 0.466797 0.603516 0.480469 0.519531 0.271484 0.482422 0.257812 0.566406 0.199219 0.550781
7 0.373047 0.375000 0.671875 0.406250 0.699219 0.361328 0.718750 0.261719 0.474609 0.238281
8 0.779297 0.255859 0.740234 0.261719 0.726562 0.314453 0.724609 0.662109 0.816406 0.595703 0.814453 0.427734
9 0.593750 0.507812 0.583984 0.500000 0.492188 0.511719 0.470703 0.562500 0.464844 0.599609 0.541016 0.609375 0.585938 0.603516 0.599609 0.541016
11 0.228516 0.458984 0.216797 0.474609 0.207031 0.503906 0.203125 0.542969 0.216797 0.554688 0.255859 0.564453 0.267578 0.498047 0.259766 0.482422 0.234375 0.458984
12 0.236328 0.451172 0.267578 0.480469 0.349609 0.482422 0.486328 0.513672 0.564453 0.496094 0.669922 0.410156 0.375000 0.378906 0.261719 0.421875
16 0.896484 0.396484 0.890625 0.400391 0.888672 0.414062 0.876953 0.421875 0.875000 0.429688 0.882812 0.445312 0.878906 0.472656 0.906250 0.476562 0.916016 0.449219 0.910156 0.435547 0.916016 0.423828 0.927734 0.419922 0.933594 0.423828 0.921875 0.416016 0.925781 0.408203 0.919922 0.398438
17 0.240234 0.708984 0.238281 0.728516 0.248047 0.759766 0.265625 0.779297 0.281250 0.787109 0.326172 0.787109 0.337891 0.777344 0.355469 0.742188 0.357422 0.730469 0.337891 0.720703 0.294922 0.716797 0.261719 0.701172 0.250000 0.701172
17 0.666016 0.601562 0.638672 0.623047 0.626953 0.697266 0.576172 0.794922 0.587891 0.845703 0.615234 0.863281 0.656250 0.859375 0.687500 0.798828 0.699219 0.677734 0.687500 0.623047
17 0.886719 0.529297 0.873047 0.533203 0.863281 0.591797 0.830078 0.632812 0.833984 0.691406 0.853516 0.710938 0.871094 0.710938 0.882812 0.703125 0.894531 0.667969 0.902344 0.564453 0.898438 0.541016
