4 0.966797 0.517578 0.941406 0.521484 0.935547 0.527344 0.945312 0.533203 0.964844 0.535156 0.949219 0.550781 0.951172 0.566406 0.943359 0.583984 0.947266 0.591797 0.960938 0.591797 0.980469 0.583984 0.978516 0.570312 0.982422 0.560547 0.968750 0.550781 0.982422 0.542969 0.984375 0.529297
4 0.289062 0.308594 0.240234 0.322266 0.195312 0.390625 0.177734 0.548828 0.189453 0.628906 0.205078 0.650391 0.240234 0.648438 0.232422 0.478516
6 0.449219 0.583984 0.466797 0.710938 0.505859 0.738281 0.603516 0.748047 0.669922 0.714844 0.816406 0.753906 0.861328 0.699219 0.865234 0.656250 0.832031 0.630859 0.736328 0.626953 0.654297 0.583984 0.640625 0.597656
6 0.648438 0.515625 0.654297 0.525391 0.650391 0.546875 0.644531 0.552734 0.638672 0.552734 0.646484 0.568359 0.656250 0.576172 0.658203 0.570312 0.669922 0.562500 0.687500 0.562500 0.695312 0.566406 0.689453 0.531250 0.695312 0.525391 0.695312 0.519531 0.703125 0.515625
7 0.363281 0.316406 0.388672 0.410156 0.406250 0.425781 0.638672 0.435547 0.628906 0.398438 0.597656 0.361328 0.515625 0.316406
10 0.314453 0.300781 0.287109 0.314453 0.236328 0.468750 0.232422 0.580078 0.244141 0.650391 0.328125 0.683594 0.339844 0.654297 0.332031 0.572266 0.343750 0.458984 0.363281 0.404297 0.343750 0.316406
11 0.468750 0.488281 0.507812 0.570312 0.617188 0.589844 0.638672 0.585938 0.621094 0.550781 0.640625 0.533203 0.634766 0.517578 0.603516 0.519531 0.501953 0.484375
12 0.437500 0.433594 0.480469 0.472656 0.587891 0.507812 0.732422 0.509766 0.691406 0.482422 0.679688 0.453125 0.648438 0.441406
15 0.664062 0.570312 0.707031 0.607422 0.761719 0.623047 0.787109 0.621094 0.818359 0.587891 0.824219 0.529297 0.708984 0.519531 0.701172 0.523438 0.710938 0.529297 0.699219 0.535156 0.699219 0.572266 0.687500 0.566406
17 0.697266 0.808594 0.701172 0.822266 0.726562 0.835938 0.775391 0.835938 0.789062 0.826172 0.802734 0.806641 0.810547 0.775391 0.802734 0.773438 0.777344 0.787109 0.761719 0.769531 0.736328 0.767578 0.724609 0.777344 0.720703 0.794922
17 0.400391 0.597656 0.378906 0.611328 0.363281 0.646484 0.349609 0.757812 0.380859 0.867188 0.406250 0.882812 0.437500 0.882812 0.470703 0.859375 0.480469 0.798828 0.457031 0.767578 0.437500 0.640625 0.425781 0.613281
17 0.158203 0.578125 0.146484 0.593750 0.138672 0.699219 0.146484 0.744141 0.158203 0.755859 0.175781 0.757812 0.199219 0.744141 0.208984 0.705078 0.187500 0.679688 0.175781 0.597656 0.167969 0.580078
