0 0.757812 0.548828 0.656250 0.642578 0.593750 0.613281 0.509766 0.619141 0.425781 0.574219 0.404297 0.683594 0.416016 0.728516 0.507812 0.751953 0.716797 0.724609 0.767578 0.660156
1 0.441406 0.269531 0.451172 0.277344 0.443359 0.320312 0.455078 0.351562 0.505859 0.378906 0.685547 0.380859 0.718750 0.363281 0.685547 0.294922 0.623047 0.277344 0.611328 0.248047 0.470703 0.253906
2 0.343750 0.291016 0.294922 0.453125 0.306641 0.556641 0.322266 0.578125 0.332031 0.472656 0.363281 0.322266
2 0.964844 0.240234 0.902344 0.248047 0.871094 0.390625 0.871094 0.570312 0.912109 0.601562 0.949219 0.580078 0.964844 0.500000 0.998047 0.458984 0.998047 0.269531
3 0.408203 0.402344 0.406250 0.408203 0.419922 0.423828 0.416016 0.443359 0.443359 0.476562 0.476562 0.458984 0.480469 0.453125 0.476562 0.443359 0.478516 0.423828 0.470703 0.408203 0.460938 0.410156 0.447266 0.402344 0.439453 0.414062 0.429688 0.414062 0.417969 0.398438
5 0.734375 0.371094 0.722656 0.386719 0.726562 0.416016 0.742188 0.431641 0.740234 0.447266 0.748047 0.455078 0.740234 0.521484 0.746094 0.542969 0.753906 0.527344 0.759766 0.443359 0.751953 0.429688 0.755859 0.414062 0.742188 0.373047
8 0.339844 0.287109 0.287109 0.363281 0.253906 0.447266 0.259766 0.583984 0.281250 0.613281 0.294922 0.433594 0.322266 0.337891 0.337891 0.320312
8 0.900391 0.248047 0.832031 0.279297 0.796875 0.332031 0.796875 0.548828 0.837891 0.568359 0.869141 0.564453 0.865234 0.429688
10 0.291016 0.496094 0.283203 0.611328 0.324219 0.632812 0.328125 0.625000 0.324219 0.595703 0.302734 0.568359 0.292969 0.529297
16 0.484375 0.382812 0.472656 0.525391 0.441406 0.535156 0.435547 0.572266 0.509766 0.617188 0.593750 0.611328 0.656250 0.640625 0.738281 0.546875 0.740234 0.433594 0.720703 0.382812
17 0.353516 0.582031 0.341797 0.601562 0.337891 0.738281 0.349609 0.824219 0.363281 0.849609 0.382812 0.853516 0.416016 0.833984 0.425781 0.767578 0.386719 0.722656 0.371094 0.597656
17 0.992188 0.498047 0.978516 0.525391 0.968750 0.638672 0.982422 0.691406 0.992188 0.703125 0.998047 0.658203
