2 0.654297 0.265625 0.683594 0.476562 0.681641 0.654297 0.767578 0.648438 0.787109 0.628906 0.802734 0.474609 0.791016 0.380859 0.753906 0.285156
6 0.044922 0.464844 0.003906 0.644531 0.029297 0.691406 0.207031 0.738281 0.320312 0.720703 0.363281 0.593750 0.326172 0.505859 0.181641 0.544922 0.218750 0.466797
7 0.541016 0.273438 0.500000 0.265625 0.363281 0.283203 0.330078 0.304688 0.248047 0.394531 0.470703 0.398438
8 0.644531 0.265625 0.560547 0.281250 0.509766 0.382812 0.531250 0.675781 0.679688 0.656250 0.675781 0.400391
9 0.337891 0.457031 0.310547 0.453125 0.218750 0.468750 0.189453 0.509766 0.177734 0.539062 0.191406 0.542969 0.250000 0.535156 0.316406 0.511719 0.333984 0.490234
12 0.460938 0.402344 0.248047 0.396484 0.097656 0.423828 0.056641 0.453125 0.164062 0.462891 0.335938 0.453125 0.353516 0.429688 0.414062 0.431641
16 0.972656 0.425781 0.861328 0.425781 0.835938 0.414062 0.816406 0.431641 0.796875 0.611328 0.806641 0.650391 0.818359 0.648438 0.839844 0.566406 0.873047 0.521484 0.902344 0.541016 0.929688 0.623047 0.958984 0.605469 0.976562 0.509766
17 0.091797 0.738281 0.101562 0.765625 0.123047 0.785156 0.158203 0.804688 0.179688 0.800781 0.199219 0.783203 0.205078 0.771484 0.205078 0.761719 0.193359 0.748047 0.154297 0.736328 0.105469 0.728516
17 0.425781 0.591797 0.388672 0.599609 0.353516 0.636719 0.333984 0.730469 0.316406 0.763672 0.335938 0.826172 0.373047 0.859375 0.417969 0.859375 0.447266 0.841797 0.488281 0.736328 0.488281 0.689453 0.468750 0.634766
17 0.873047 0.564453 0.853516 0.570312 0.845703 0.587891 0.830078 0.673828 0.812500 0.707031 0.822266 0.748047 0.849609 0.763672 0.875000 0.761719 0.888672 0.750000 0.908203 0.673828 0.910156 0.621094 0.898438 0.589844
