4 0.349609 0.472656 0.322266 0.517578 0.298828 0.628906 0.298828 0.761719 0.312500 0.802734 0.396484 0.804688 0.394531 0.642578 0.425781 0.478516
6 0.929688 0.726562 0.888672 0.720703 0.886719 0.673828 0.777344 0.679688 0.744141 0.710938 0.761719 0.728516 0.753906 0.738281 0.646484 0.736328 0.654297 0.835938 0.740234 0.869141 0.779297 0.873047 0.810547 0.851562 0.826172 0.871094 0.863281 0.873047 0.933594 0.822266
7 0.505859 0.494141 0.562500 0.597656 0.783203 0.599609 0.722656 0.523438 0.675781 0.488281 0.578125 0.482422
10 0.431641 0.476562 0.398438 0.621094 0.398438 0.804688 0.519531 0.816406 0.527344 0.589844 0.484375 0.492188
11 0.644531 0.673828 0.644531 0.691406 0.660156 0.722656 0.708984 0.732422 0.728516 0.732422 0.734375 0.728516 0.728516 0.705078 0.712891 0.681641 0.667969 0.669922 0.648438 0.669922
12 0.580078 0.605469 0.611328 0.640625 0.699219 0.667969 0.748047 0.699219 0.777344 0.677734 0.890625 0.667969 0.791016 0.601562
16 0.132812 0.593750 0.117188 0.691406 0.093750 0.730469 0.117188 0.779297 0.150391 0.792969 0.177734 0.707031 0.203125 0.697266 0.232422 0.728516 0.255859 0.806641 0.289062 0.810547 0.285156 0.607422
17 0.408203 0.875000 0.416016 0.896484 0.425781 0.906250 0.435547 0.910156 0.466797 0.906250 0.476562 0.898438 0.480469 0.890625 0.480469 0.880859 0.464844 0.873047 0.439453 0.875000 0.423828 0.869141 0.412109 0.869141
17 0.908203 0.861328 0.896484 0.861328 0.867188 0.884766 0.853516 0.884766 0.837891 0.898438 0.824219 0.892578 0.800781 0.894531 0.792969 0.900391 0.791016 0.910156 0.804688 0.929688 0.824219 0.937500 0.867188 0.933594 0.886719 0.921875 0.898438 0.906250
17 0.585938 0.753906 0.568359 0.765625 0.556641 0.796875 0.548828 0.851562 0.552734 0.900391 0.580078 0.941406 0.644531 0.943359 0.675781 0.910156 0.675781 0.876953 0.648438 0.833984 0.644531 0.798828 0.628906 0.767578 0.607422 0.751953
17 0.199219 0.746094 0.179688 0.763672 0.166016 0.810547 0.169922 0.865234 0.189453 0.916016 0.234375 0.921875 0.257812 0.898438 0.261719 0.855469 0.226562 0.771484 0.212891 0.751953
