2 0.707031 0.294922 0.630859 0.314453 0.658203 0.507812 0.658203 0.628906 0.742188 0.611328 0.748047 0.464844 0.726562 0.322266
6 0.003906 0.640625 0.035156 0.634766 0.052734 0.593750 0.056641 0.630859 0.103516 0.652344 0.041016 0.703125 0.101562 0.683594 0.218750 0.707031 0.337891 0.695312 0.373047 0.607422 0.333984 0.591797 0.349609 0.542969 0.316406 0.589844 0.255859 0.587891 0.265625 0.509766 0.087891 0.498047 0.064453 0.572266 0.023438 0.599609 0.017578 0.568359
7 0.529297 0.308594 0.417969 0.302734 0.347656 0.312500 0.273438 0.398438 0.261719 0.429688 0.470703 0.431641 0.488281 0.416016
8 0.609375 0.302734 0.544922 0.314453 0.500000 0.425781 0.505859 0.658203 0.654297 0.630859 0.646484 0.396484 0.628906 0.318359
9 0.345703 0.500000 0.332031 0.496094 0.269531 0.509766 0.259766 0.521484 0.267578 0.546875 0.255859 0.585938 0.285156 0.589844 0.320312 0.585938 0.324219 0.558594 0.353516 0.531250 0.353516 0.515625
12 0.462891 0.435547 0.257812 0.431641 0.113281 0.476562 0.097656 0.494141 0.195312 0.509766 0.347656 0.498047 0.433594 0.472656
16 0.763672 0.429688 0.757812 0.615234 0.789062 0.623047 0.808594 0.552734 0.837891 0.521484 0.865234 0.531250 0.884766 0.607422 0.917969 0.607422 0.931641 0.550781 0.906250 0.490234 0.906250 0.429688
17 0.093750 0.703125 0.107422 0.755859 0.136719 0.798828 0.187500 0.794922 0.216797 0.767578 0.224609 0.740234 0.212891 0.716797 0.111328 0.695312
17 0.404297 0.599609 0.376953 0.615234 0.349609 0.722656 0.357422 0.808594 0.369141 0.820312 0.416016 0.832031 0.441406 0.822266 0.460938 0.796875 0.476562 0.695312 0.472656 0.656250 0.449219 0.613281
17 0.828125 0.564453 0.810547 0.578125 0.783203 0.695312 0.796875 0.740234 0.818359 0.750000 0.855469 0.738281 0.873047 0.675781 0.867188 0.593750 0.849609 0.572266
