2 0.644531 0.343750 0.693359 0.558594 0.691406 0.718750 0.720703 0.720703 0.736328 0.710938 0.744141 0.673828 0.740234 0.519531 0.695312 0.351562
6 0.130859 0.626953 0.130859 0.759766 0.173828 0.753906 0.193359 0.787109 0.394531 0.818359 0.492188 0.787109 0.539062 0.640625 0.513672 0.623047 0.412109 0.632812 0.433594 0.578125 0.207031 0.572266 0.230469 0.638672
7 0.246094 0.476562 0.556641 0.488281 0.583984 0.367188 0.498047 0.351562 0.341797 0.355469 0.296875 0.392578
8 0.636719 0.343750 0.603516 0.367188 0.587891 0.462891 0.601562 0.736328 0.689453 0.718750 0.691406 0.558594
9 0.515625 0.558594 0.464844 0.562500 0.445312 0.570312 0.425781 0.591797 0.410156 0.628906 0.486328 0.628906 0.511719 0.623047 0.517578 0.597656
11 0.146484 0.560547 0.136719 0.582031 0.136719 0.611328 0.154297 0.619141 0.212891 0.628906 0.199219 0.613281 0.191406 0.578125 0.181641 0.558594 0.162109 0.552734
12 0.195312 0.558594 0.210938 0.572266 0.435547 0.574219 0.556641 0.523438 0.558594 0.496094 0.416016 0.478516 0.246094 0.484375 0.197266 0.531250
16 0.859375 0.480469 0.746094 0.496094 0.757812 0.728516 0.804688 0.607422 0.824219 0.617188 0.832031 0.677734 0.841797 0.683594 0.859375 0.664062
16 0.970703 0.353516 0.966797 0.337891 0.945312 0.328125 0.951172 0.320312 0.880859 0.333984 0.884766 0.339844 0.880859 0.345703 0.900391 0.357422 0.925781 0.380859
17 0.142578 0.769531 0.136719 0.779297 0.138672 0.824219 0.150391 0.863281 0.183594 0.875000 0.222656 0.871094 0.238281 0.832031 0.238281 0.802734 0.228516 0.794922 0.197266 0.796875 0.175781 0.775391 0.156250 0.767578
17 0.554688 0.662109 0.539062 0.662109 0.517578 0.763672 0.478516 0.816406 0.488281 0.878906 0.511719 0.890625 0.556641 0.886719 0.576172 0.835938 0.578125 0.707031 0.566406 0.671875
17 0.804688 0.656250 0.791016 0.664062 0.779297 0.740234 0.744141 0.775391 0.751953 0.849609 0.779297 0.861328 0.812500 0.851562 0.826172 0.798828 0.828125 0.720703
