13 0.439648 0.330664 0.446484 0.357617 0.469336 0.375195 0.578320 0.406250 0.620117 0.412891 0.657813 0.418359 0.808789 0.415625 0.842383 0.411523 0.867969 0.396680 0.862695 0.375195 0.842383 0.358984 0.812695 0.341602 0.749414 0.319922 0.717187 0.313281 0.574414 0.317188 0.467969 0.325391
8 0.422070 0.170508 0.477344 0.166406 0.614844 0.174414 0.649805 0.201367 0.695508 0.272852 0.727930 0.314648 0.621484 0.314648 0.474609 0.322656 0.435547 0.313281 0.419531 0.291602 0.393945 0.204102 0.388477 0.179883 0.396484 0.173242
15 0.375000 0.336133 0.342578 0.336133 0.321094 0.328125 0.315820 0.309180 0.316992 0.284961 0.331836 0.272852 0.362891 0.270117 0.377734 0.275586 0.387109 0.303906 0.387109 0.324023 0.399219 0.325391 0.389844 0.346875
11 0.329297 0.158398 0.353516 0.165039 0.372266 0.186719 0.388477 0.232422 0.404687 0.302539 0.387109 0.411523 0.380469 0.620313 0.302344 0.609570 0.271289 0.600195 0.267188 0.486914 0.269922 0.382031 0.284766 0.316016 0.290234 0.263477 0.310352 0.157031
12 0.486719 0.390039 0.504297 0.419727 0.528516 0.451953 0.556836 0.470898 0.630859 0.478906 0.671289 0.478906 0.637695 0.434375 0.622852 0.426367 0.554102 0.414258 0.501563 0.394141
5 0.155469 0.415625 0.151367 0.371094 0.155469 0.340234 0.175586 0.283594 0.189062 0.262109 0.206641 0.224414 0.249805 0.157031 0.307617 0.154297 0.294141 0.247266 0.267188 0.395313 0.269922 0.600195 0.236328 0.588086 0.206641 0.581250 0.197266 0.547656 0.190430 0.503125 0.168945 0.439844
4 0.097461 0.352344 0.119141 0.332031 0.125781 0.311914 0.109570 0.307812 0.098828 0.317188
2 0.164844 0.178516 0.236328 0.174414 0.210742 0.214844 0.195898 0.243164 0.187695 0.266016 0.124414 0.275586 0.143359 0.208203
18 0.151367 0.492383 0.164844 0.509961 0.174219 0.532813 0.183789 0.563867 0.186328 0.606836 0.185156 0.640625 0.173047 0.706641 0.152734 0.724023 0.129883 0.699805 0.119141 0.575977 0.128516 0.523438 0.139258 0.500391
7 0.525781 0.454688 0.486719 0.501758 0.473242 0.523438 0.481445 0.565039 0.500195 0.616406 0.511133 0.659375 0.535352 0.666211 0.644336 0.654102 0.711719 0.654102 0.890820 0.635156 0.900391 0.606836 0.908398 0.540820 0.905664 0.511328 0.900391 0.483008 0.882812 0.492383 0.862695 0.488281 0.862695 0.449219 0.858594 0.423633 0.869336 0.402148 0.866602 0.398047 0.845117 0.414258 0.698242 0.419727 0.608008 0.414258 0.547461 0.400781 0.493555 0.383203 0.489453 0.390039 0.537891 0.407617 0.574414 0.418359 0.632227 0.427734 0.671289 0.465430 0.680859 0.484375 0.554102 0.468164
