2 0.785156 0.152344 0.843750 0.392578 0.839844 0.623047 0.859375 0.632812 0.886719 0.589844 0.917969 0.416016 0.914062 0.347656 0.845703 0.193359
6 0.050781 0.556641 0.044922 0.753906 0.111328 0.810547 0.320312 0.855469 0.347656 0.826172 0.390625 0.857422 0.519531 0.841797 0.546875 0.814453 0.599609 0.611328 0.384766 0.607422 0.433594 0.509766 0.113281 0.490234 0.111328 0.564453
7 0.710938 0.185547 0.697266 0.171875 0.566406 0.167969 0.408203 0.191406 0.267578 0.353516 0.660156 0.349609
8 0.771484 0.150391 0.734375 0.177734 0.705078 0.296875 0.728516 0.488281 0.724609 0.699219 0.828125 0.640625 0.839844 0.597656 0.841797 0.392578
9 0.562500 0.488281 0.537109 0.480469 0.449219 0.500000 0.414062 0.539062 0.384766 0.603516 0.550781 0.595703 0.562500 0.548828
11 0.089844 0.466797 0.068359 0.486328 0.062500 0.498047 0.058594 0.542969 0.070312 0.556641 0.105469 0.568359 0.103516 0.480469 0.097656 0.466797
12 0.101562 0.462891 0.119141 0.488281 0.427734 0.509766 0.541016 0.478516 0.654297 0.414062 0.664062 0.355469 0.261719 0.355469
17 0.105469 0.841797 0.113281 0.878906 0.126953 0.904297 0.164062 0.925781 0.195312 0.927734 0.210938 0.921875 0.228516 0.906250 0.240234 0.884766 0.242188 0.867188 0.226562 0.855469 0.181641 0.843750 0.144531 0.843750 0.119141 0.830078
17 0.613281 0.623047 0.599609 0.640625 0.548828 0.841797 0.519531 0.884766 0.533203 0.958984 0.572266 0.998047 0.615234 0.996094 0.669922 0.941406 0.675781 0.687500 0.664062 0.634766
17 0.916016 0.515625 0.902344 0.535156 0.886719 0.650391 0.843750 0.705078 0.849609 0.750000 0.876953 0.775391 0.912109 0.773438 0.935547 0.750000 0.939453 0.562500
