4 0.949219 0.105469 0.925781 0.119141 0.884766 0.234375 0.890625 0.363281 0.876953 0.414062 0.882812 0.486328 0.900391 0.507812 0.892578 0.458984 0.912109 0.462891 0.919922 0.433594 0.916016 0.294922 0.935547 0.244141 0.933594 0.166016 0.951172 0.138672
6 0.812500 0.609375 0.689453 0.654297 0.697266 0.583984 0.611328 0.595703 0.652344 0.617188 0.628906 0.650391 0.539062 0.658203 0.542969 0.699219 0.498047 0.708984 0.251953 0.607422 0.285156 0.919922 0.314453 0.927734 0.316406 0.894531 0.697266 0.974609 0.701172 0.935547 0.802734 0.875000
6 0.355469 0.548828 0.365234 0.617188 0.408203 0.669922 0.437500 0.667969 0.457031 0.681641 0.460938 0.650391 0.490234 0.660156 0.433594 0.630859 0.447266 0.593750 0.382812 0.583984 0.367188 0.550781
7 0.679688 0.138672 0.626953 0.115234 0.517578 0.117188 0.435547 0.136719 0.423828 0.175781 0.394531 0.203125 0.359375 0.314453 0.714844 0.304688
9 0.792969 0.474609 0.769531 0.482422 0.724609 0.523438 0.687500 0.650391 0.810547 0.609375 0.812500 0.566406
10 0.925781 0.281250 0.917969 0.294922 0.923828 0.417969 0.916016 0.466797 0.929688 0.498047 0.939453 0.500000 0.949219 0.480469 0.947266 0.439453 0.957031 0.412109 0.951172 0.339844 0.935547 0.310547 0.937500 0.291016
11 0.275391 0.476562 0.263672 0.515625 0.255859 0.597656 0.271484 0.611328 0.357422 0.644531 0.330078 0.521484 0.304688 0.490234
12 0.767578 0.433594 0.714844 0.306641 0.355469 0.316406 0.298828 0.460938 0.380859 0.580078 0.464844 0.599609 0.515625 0.580078 0.492188 0.634766 0.484375 0.611328 0.437500 0.630859 0.525391 0.664062 0.638672 0.617188 0.548828 0.599609 0.691406 0.585938
13 0.763672 0.232422 0.744141 0.232422 0.734375 0.248047 0.732422 0.279297 0.734375 0.296875 0.740234 0.306641 0.748047 0.306641 0.773438 0.296875 0.783203 0.281250 0.785156 0.259766 0.777344 0.244141
17 0.781250 0.917969 0.771484 0.916016 0.742188 0.935547 0.728516 0.935547 0.716797 0.941406 0.712891 0.964844 0.724609 0.998047 0.742188 0.996094 0.753906 0.984375 0.767578 0.980469 0.773438 0.974609 0.779297 0.958984
