0 0.111328 0.619141 0.103516 0.738281 0.158203 0.810547 0.332031 0.865234 0.490234 0.863281 0.537109 0.681641 0.339844 0.687500 0.287109 0.748047 0.138672 0.697266 0.123047 0.679688 0.136719 0.634766
1 0.492188 0.341797 0.498047 0.351562 0.525391 0.341797 0.537109 0.355469 0.548828 0.353516 0.570312 0.335938 0.583984 0.310547 0.560547 0.302734 0.507812 0.294922 0.498047 0.306641 0.490234 0.304688 0.496094 0.314453
1 0.154297 0.398438 0.208984 0.431641 0.253906 0.427734 0.333984 0.457031 0.388672 0.419922 0.404297 0.384766 0.414062 0.296875 0.367188 0.281250 0.218750 0.275391 0.199219 0.302734 0.203125 0.332031 0.171875 0.353516
4 0.625000 0.294922 0.609375 0.312500 0.599609 0.519531 0.621094 0.634766 0.646484 0.679688 0.652344 0.779297 0.667969 0.783203 0.730469 0.716797 0.724609 0.449219 0.707031 0.318359
5 0.406250 0.511719 0.396484 0.513672 0.380859 0.537109 0.363281 0.544922 0.353516 0.568359 0.359375 0.607422 0.394531 0.638672 0.390625 0.648438 0.396484 0.675781 0.416016 0.656250 0.423828 0.601562 0.421875 0.531250 0.417969 0.517578
10 0.708984 0.320312 0.734375 0.558594 0.724609 0.699219 0.742188 0.714844 0.810547 0.673828 0.830078 0.529297 0.765625 0.365234
15 0.330078 0.595703 0.320312 0.597656 0.312500 0.605469 0.306641 0.621094 0.298828 0.626953 0.304688 0.636719 0.294922 0.640625 0.289062 0.652344 0.271484 0.656250 0.275391 0.662109 0.318359 0.677734 0.332031 0.677734 0.335938 0.673828 0.333984 0.640625 0.337891 0.619141
16 0.164062 0.445312 0.142578 0.478516 0.144531 0.615234 0.119141 0.611328 0.138672 0.632812 0.126953 0.683594 0.289062 0.746094 0.339844 0.681641 0.390625 0.685547 0.384766 0.630859 0.345703 0.607422 0.349609 0.554688 0.376953 0.525391 0.367188 0.468750 0.261719 0.470703 0.226562 0.447266
17 0.585938 0.695312 0.554688 0.705078 0.509766 0.847656 0.496094 0.941406 0.527344 0.998047 0.576172 0.986328 0.597656 0.964844 0.617188 0.916016 0.632812 0.757812 0.617188 0.718750
17 0.863281 0.603516 0.849609 0.607422 0.839844 0.623047 0.828125 0.708984 0.802734 0.744141 0.806641 0.777344 0.820312 0.792969 0.843750 0.789062 0.857422 0.769531 0.873047 0.660156 0.873047 0.621094
