0 0.087891 0.550781 0.097656 0.632812 0.169922 0.667969 0.289062 0.691406 0.351562 0.673828 0.380859 0.570312 0.314453 0.533203 0.287109 0.488281 0.294922 0.468750 0.251953 0.462891 0.259766 0.531250 0.236328 0.554688 0.109375 0.537109
1 0.365234 0.300781 0.341797 0.304688 0.287109 0.291016 0.205078 0.300781 0.162109 0.332031 0.126953 0.394531 0.212891 0.404297 0.255859 0.396484 0.314453 0.363281 0.365234 0.316406
4 0.582031 0.289062 0.470703 0.302734 0.449219 0.375000 0.458984 0.525391 0.500000 0.572266 0.517578 0.658203 0.611328 0.648438 0.623047 0.474609
5 0.322266 0.441406 0.316406 0.431641 0.300781 0.419922 0.292969 0.421875 0.271484 0.443359 0.265625 0.443359 0.257812 0.433594 0.253906 0.435547 0.250000 0.457031 0.255859 0.462891 0.269531 0.462891 0.281250 0.468750 0.289062 0.468750 0.302734 0.460938 0.318359 0.458984 0.322266 0.453125
10 0.585938 0.292969 0.625000 0.472656 0.613281 0.648438 0.761719 0.630859 0.779297 0.488281 0.744141 0.390625 0.660156 0.320312
15 0.234375 0.410156 0.115234 0.402344 0.109375 0.421875 0.117188 0.427734 0.105469 0.443359 0.115234 0.527344 0.140625 0.527344 0.119141 0.421875 0.138672 0.414062 0.140625 0.433594 0.166016 0.429688 0.185547 0.412109
16 0.255859 0.406250 0.185547 0.414062 0.158203 0.433594 0.140625 0.435547 0.134766 0.416016 0.119141 0.423828 0.126953 0.429688 0.142578 0.527344 0.121094 0.537109 0.214844 0.558594 0.238281 0.550781 0.250000 0.527344
17 0.183594 0.691406 0.183594 0.703125 0.191406 0.720703 0.201172 0.730469 0.220703 0.740234 0.255859 0.740234 0.263672 0.736328 0.277344 0.718750 0.275391 0.705078 0.263672 0.697266 0.234375 0.695312 0.224609 0.699219 0.205078 0.689453 0.199219 0.681641 0.193359 0.681641
17 0.435547 0.576172 0.408203 0.578125 0.384766 0.593750 0.365234 0.648438 0.357422 0.748047 0.369141 0.773438 0.400391 0.792969 0.433594 0.792969 0.457031 0.779297 0.492188 0.699219 0.486328 0.626953
17 0.835938 0.550781 0.818359 0.552734 0.798828 0.576172 0.771484 0.687500 0.781250 0.720703 0.812500 0.736328 0.841797 0.734375 0.857422 0.722656 0.873047 0.691406 0.882812 0.638672 0.871094 0.576172
