0 0.177734 0.621094 0.289062 0.644531 0.416016 0.648438 0.445312 0.644531 0.453125 0.617188 0.431641 0.587891 0.376953 0.597656 0.355469 0.580078 0.324219 0.593750 0.298828 0.568359 0.285156 0.578125 0.242188 0.576172 0.238281 0.597656 0.220703 0.587891 0.212891 0.609375
1 0.611328 0.306641 0.601562 0.279297 0.593750 0.310547 0.568359 0.263672 0.394531 0.273438 0.382812 0.289062 0.388672 0.320312 0.376953 0.337891 0.388672 0.353516 0.576172 0.359375 0.605469 0.347656 0.597656 0.320312
3 0.175781 0.396484 0.164062 0.431641 0.162109 0.517578 0.167969 0.533203 0.175781 0.527344 0.177734 0.503906 0.185547 0.488281 0.181641 0.402344
4 0.615234 0.255859 0.603516 0.269531 0.652344 0.376953 0.654297 0.632812 0.720703 0.636719 0.736328 0.552734 0.722656 0.373047 0.695312 0.275391
5 0.460938 0.398438 0.449219 0.408203 0.433594 0.478516 0.433594 0.494141 0.445312 0.509766 0.453125 0.546875 0.480469 0.531250 0.486328 0.492188 0.482422 0.423828 0.474609 0.404297
10 0.697266 0.279297 0.734375 0.439453 0.728516 0.634766 0.775391 0.636719 0.791016 0.628906 0.804688 0.580078 0.810547 0.468750 0.755859 0.330078 0.726562 0.292969
16 0.189453 0.382812 0.181641 0.544922 0.205078 0.578125 0.433594 0.585938 0.453125 0.646484 0.531250 0.666016 0.589844 0.509766 0.642578 0.574219 0.619141 0.406250 0.552734 0.375000
17 0.248047 0.667969 0.242188 0.677734 0.250000 0.693359 0.265625 0.773438 0.283203 0.783203 0.312500 0.781250 0.335938 0.751953 0.343750 0.701172 0.339844 0.685547 0.308594 0.669922
17 0.832031 0.568359 0.822266 0.580078 0.806641 0.658203 0.767578 0.703125 0.781250 0.740234 0.794922 0.746094 0.849609 0.744141 0.871094 0.705078 0.871094 0.626953 0.855469 0.582031
17 0.572266 0.566406 0.548828 0.669922 0.535156 0.691406 0.541016 0.710938 0.533203 0.781250 0.539062 0.791016 0.583984 0.800781 0.597656 0.796875 0.615234 0.769531 0.628906 0.689453 0.619141 0.597656 0.597656 0.568359
