4 0.312500 0.406250 0.310547 0.519531 0.277344 0.517578 0.273438 0.429688 0.259766 0.496094 0.232422 0.498047 0.242188 0.537109 0.314453 0.529297 0.287109 0.568359 0.244141 0.546875 0.216797 0.728516 0.248047 0.800781 0.292969 0.800781 0.298828 0.710938 0.316406 0.732422 0.326172 0.681641 0.277344 0.660156 0.281250 0.617188 0.259766 0.603516 0.271484 0.583984 0.318359 0.599609 0.343750 0.435547
6 0.808594 0.619141 0.736328 0.623047 0.783203 0.642578 0.785156 0.726562 0.759766 0.748047 0.748047 0.710938 0.703125 0.761719 0.658203 0.664062 0.716797 0.656250 0.570312 0.619141 0.593750 0.675781 0.597656 0.634766 0.654297 0.662109 0.617188 0.671875 0.593750 0.736328 0.494141 0.716797 0.474609 0.757812 0.501953 0.845703 0.833984 0.833984 0.837891 0.689453 0.802734 0.699219
7 0.464844 0.333984 0.480469 0.396484 0.445312 0.412109 0.453125 0.478516 0.472656 0.498047 0.515625 0.509766 0.765625 0.509766 0.701172 0.335938 0.589844 0.324219
9 0.824219 0.591797 0.812500 0.609375 0.812500 0.638672 0.806641 0.658203 0.806641 0.675781 0.830078 0.691406 0.837891 0.681641 0.835938 0.625000 0.830078 0.591797
10 0.375000 0.320312 0.351562 0.365234 0.332031 0.583984 0.304688 0.630859 0.330078 0.707031 0.298828 0.777344 0.308594 0.812500 0.355469 0.826172 0.375000 0.816406 0.400391 0.687500 0.375000 0.673828 0.427734 0.544922 0.425781 0.443359 0.400391 0.347656
11 0.507812 0.589844 0.496094 0.611328 0.501953 0.646484 0.498047 0.693359 0.576172 0.716797 0.556641 0.615234 0.544922 0.599609
12 0.496094 0.515625 0.525391 0.578125 0.570312 0.617188 0.626953 0.623047 0.611328 0.636719 0.623047 0.646484 0.773438 0.640625 0.728516 0.623047 0.804688 0.615234 0.824219 0.587891 0.816406 0.554688 0.765625 0.511719
16 0.212891 0.578125 0.167969 0.585938 0.152344 0.632812 0.154297 0.650391 0.146484 0.646484 0.146484 0.628906 0.136719 0.632812 0.132812 0.666016 0.142578 0.695312 0.164062 0.703125 0.185547 0.669922 0.205078 0.687500 0.220703 0.681641 0.214844 0.660156 0.224609 0.644531 0.226562 0.587891
17 0.830078 0.849609 0.816406 0.845703 0.781250 0.857422 0.705078 0.857422 0.693359 0.876953 0.720703 0.919922 0.746094 0.927734 0.773438 0.927734 0.798828 0.917969 0.824219 0.880859
17 0.449219 0.736328 0.429688 0.742188 0.412109 0.773438 0.402344 0.890625 0.408203 0.919922 0.423828 0.937500 0.474609 0.947266 0.515625 0.931641 0.537109 0.873047 0.498047 0.851562 0.460938 0.740234
17 0.187500 0.714844 0.177734 0.726562 0.169922 0.791016 0.175781 0.871094 0.189453 0.884766 0.218750 0.886719 0.230469 0.878906 0.234375 0.832031 0.218750 0.802734 0.203125 0.728516
