4 0.341797 0.310547 0.289062 0.304688 0.261719 0.330078 0.230469 0.613281 0.251953 0.683594 0.302734 0.681641 0.302734 0.525391
6 0.898438 0.574219 0.798828 0.527344 0.626953 0.525391 0.638672 0.583984 0.582031 0.603516 0.601562 0.621094 0.625000 0.605469 0.650391 0.632812 0.511719 0.640625 0.523438 0.742188 0.548828 0.775391 0.595703 0.787109 0.621094 0.753906 0.714844 0.746094 0.798828 0.771484 0.892578 0.744141 0.910156 0.712891
7 0.421875 0.320312 0.462891 0.453125 0.773438 0.460938 0.664062 0.312500 0.457031 0.306641
9 0.845703 0.539062 0.845703 0.544922 0.837891 0.554688 0.841797 0.560547 0.867188 0.562500 0.875000 0.568359 0.876953 0.574219 0.892578 0.574219 0.896484 0.570312 0.894531 0.537109 0.884766 0.523438 0.875000 0.523438
10 0.376953 0.300781 0.349609 0.306641 0.306641 0.507812 0.300781 0.644531 0.306641 0.685547 0.410156 0.708984 0.429688 0.453125 0.406250 0.314453
11 0.630859 0.552734 0.617188 0.531250 0.597656 0.521484 0.576172 0.529297 0.544922 0.527344 0.533203 0.544922 0.531250 0.562500 0.542969 0.578125 0.556641 0.583984 0.593750 0.587891 0.599609 0.583984 0.617188 0.583984 0.630859 0.570312
12 0.488281 0.462891 0.505859 0.488281 0.566406 0.519531 0.798828 0.525391 0.812500 0.539062 0.876953 0.521484 0.865234 0.501953 0.761719 0.458984
16 0.113281 0.443359 0.078125 0.500000 0.095703 0.611328 0.121094 0.646484 0.138672 0.568359 0.160156 0.564453 0.183594 0.589844 0.208984 0.660156 0.222656 0.460938 0.205078 0.449219
17 0.882812 0.751953 0.833984 0.763672 0.775391 0.802734 0.771484 0.824219 0.794922 0.871094 0.816406 0.878906 0.847656 0.876953 0.869141 0.861328 0.886719 0.800781
17 0.468750 0.644531 0.447266 0.664062 0.437500 0.693359 0.443359 0.857422 0.464844 0.898438 0.507812 0.904297 0.535156 0.884766 0.546875 0.814453 0.515625 0.740234 0.503906 0.654297
17 0.158203 0.613281 0.146484 0.623047 0.130859 0.666016 0.142578 0.781250 0.156250 0.818359 0.189453 0.828125 0.208984 0.816406 0.220703 0.765625 0.191406 0.687500 0.179688 0.625000 0.169922 0.613281
