0 0.000000 0.000000 0.000000 0.998047 0.998047 0.998047 0.998047 0.000000
1 0.951172 0.689453 0.927734 0.673828 0.916016 0.707031 0.933594 0.748047 0.908203 0.775391 0.751953 0.804688 0.722656 0.794922 0.691406 0.736328 0.703125 0.708984 0.648438 0.693359 0.638672 0.707031 0.681641 0.746094 0.585938 0.769531 0.570312 0.867188 0.777344 0.875000 0.927734 0.832031 0.958984 0.802734
2 0.689453 0.375000 0.691406 0.449219 0.708984 0.470703 0.929688 0.490234 0.923828 0.476562 0.900391 0.472656 0.921875 0.451172 0.914062 0.402344 0.843750 0.339844 0.748047 0.333984 0.707031 0.349609
3 0.257812 0.386719 0.234375 0.462891 0.234375 0.591797 0.265625 0.560547 0.273438 0.509766 0.265625 0.496094 0.271484 0.480469 0.255859 0.457031 0.263672 0.412109
4 0.648438 0.529297 0.642578 0.578125 0.644531 0.669922 0.666016 0.697266 0.699219 0.699219 0.705078 0.695312 0.699219 0.572266 0.679688 0.539062
5 0.119141 0.689453 0.126953 0.757812 0.150391 0.767578 0.193359 0.771484 0.195312 0.705078 0.191406 0.693359 0.185547 0.691406 0.164062 0.722656 0.152344 0.724609 0.130859 0.708984
5 0.285156 0.330078 0.273438 0.380859 0.275391 0.423828 0.283203 0.435547 0.324219 0.458984 0.318359 0.472656 0.363281 0.466797 0.355469 0.457031 0.373047 0.445312 0.388672 0.453125 0.392578 0.371094 0.378906 0.351562 0.355469 0.341797 0.298828 0.351562
16 0.873047 0.492188 0.894531 0.500000 0.888672 0.505859 0.892578 0.515625 0.855469 0.552734 0.845703 0.621094 0.904297 0.628906 0.910156 0.603516 0.941406 0.576172 0.947266 0.564453 0.945312 0.531250 0.937500 0.517578 0.917969 0.507812 0.925781 0.496094
17 0.474609 0.601562 0.460938 0.628906 0.431641 0.638672 0.423828 0.691406 0.474609 0.664062 0.513672 0.677734 0.548828 0.734375 0.566406 0.814453 0.591797 0.761719 0.679688 0.744141 0.623047 0.683594 0.599609 0.626953 0.605469 0.595703
17 0.890625 0.500000 0.824219 0.511719 0.804688 0.492188 0.687500 0.519531 0.712891 0.673828 0.703125 0.699219 0.671875 0.701172 0.705078 0.707031 0.697266 0.740234 0.732422 0.800781 0.906250 0.773438 0.931641 0.748047 0.914062 0.707031 0.929688 0.671875 0.902344 0.630859 0.843750 0.621094 0.853516 0.552734
