0 0.078125 0.603516 0.060547 0.705078 0.074219 0.785156 0.427734 0.839844 0.511719 0.832031 0.544922 0.671875 0.490234 0.656250 0.488281 0.617188 0.408203 0.630859 0.398438 0.662109 0.328125 0.691406 0.136719 0.662109 0.117188 0.621094
1 0.457031 0.298828 0.417969 0.279297 0.183594 0.306641 0.119141 0.427734 0.402344 0.439453 0.431641 0.378906 0.416016 0.312500
3 0.097656 0.468750 0.091797 0.474609 0.082031 0.521484 0.080078 0.576172 0.089844 0.599609 0.115234 0.607422 0.101562 0.470703
4 0.623047 0.279297 0.603516 0.308594 0.591797 0.425781 0.603516 0.570312 0.656250 0.654297 0.666016 0.771484 0.708984 0.769531 0.742188 0.750000 0.746094 0.517578 0.691406 0.291016
5 0.478516 0.480469 0.435547 0.490234 0.423828 0.501953 0.402344 0.570312 0.394531 0.626953 0.460938 0.623047 0.494141 0.607422 0.498047 0.564453 0.486328 0.486328
10 0.695312 0.292969 0.748047 0.517578 0.742188 0.744141 0.777344 0.751953 0.849609 0.720703 0.867188 0.556641 0.824219 0.427734 0.757812 0.335938
15 0.445312 0.335938 0.402344 0.441406 0.115234 0.435547 0.117188 0.609375 0.158203 0.656250 0.373047 0.667969 0.414062 0.500000 0.363281 0.486328 0.234375 0.541016 0.181641 0.453125 0.429688 0.449219
16 0.183594 0.453125 0.220703 0.525391 0.248047 0.541016 0.308594 0.521484 0.355469 0.486328 0.398438 0.488281 0.416016 0.500000 0.416016 0.517578 0.423828 0.498047 0.449219 0.484375 0.437500 0.447266 0.355469 0.455078 0.294922 0.445312 0.255859 0.453125 0.232422 0.472656 0.212891 0.462891 0.210938 0.449219
17 0.144531 0.818359 0.144531 0.871094 0.166016 0.916016 0.197266 0.929688 0.232422 0.929688 0.255859 0.916016 0.275391 0.880859 0.279297 0.833984 0.255859 0.835938 0.214844 0.857422 0.195312 0.828125
17 0.593750 0.683594 0.568359 0.689453 0.525391 0.832031 0.501953 0.855469 0.509766 0.939453 0.554688 0.980469 0.587891 0.980469 0.617188 0.960938 0.652344 0.851562 0.642578 0.744141 0.619141 0.699219
17 0.902344 0.632812 0.888672 0.632812 0.878906 0.648438 0.857422 0.781250 0.830078 0.804688 0.837891 0.841797 0.857422 0.857422 0.900391 0.853516 0.919922 0.820312 0.927734 0.712891 0.919922 0.658203
