4 0.250000 0.246094 0.181641 0.271484 0.134766 0.417969 0.177734 0.597656 0.207031 0.654297 0.238281 0.648438 0.222656 0.464844
6 0.841797 0.486328 0.787109 0.500000 0.783203 0.429688 0.595703 0.470703 0.636719 0.486328 0.542969 0.484375 0.564453 0.519531 0.615234 0.496094 0.603516 0.519531 0.644531 0.541016 0.441406 0.546875 0.455078 0.705078 0.580078 0.720703 0.648438 0.705078 0.660156 0.675781 0.759766 0.685547 0.845703 0.656250
7 0.683594 0.345703 0.621094 0.263672 0.570312 0.226562 0.429688 0.234375 0.318359 0.263672 0.345703 0.359375 0.371094 0.392578
9 0.808594 0.419922 0.792969 0.421875 0.783203 0.437500 0.781250 0.466797 0.787109 0.498047 0.820312 0.490234 0.839844 0.480469 0.837891 0.453125 0.832031 0.435547 0.822266 0.425781
10 0.263672 0.246094 0.224609 0.464844 0.240234 0.646484 0.335938 0.660156 0.332031 0.373047 0.298828 0.257812
11 0.437500 0.478516 0.441406 0.517578 0.451172 0.541016 0.552734 0.533203 0.541016 0.498047 0.519531 0.478516 0.462891 0.470703
12 0.787109 0.423828 0.757812 0.382812 0.687500 0.349609 0.373047 0.398438 0.392578 0.439453 0.537109 0.482422 0.767578 0.439453
17 0.830078 0.666016 0.820312 0.666016 0.787109 0.687500 0.728516 0.703125 0.720703 0.710938 0.718750 0.724609 0.732422 0.753906 0.755859 0.769531 0.796875 0.763672 0.814453 0.753906 0.833984 0.712891 0.835938 0.673828
17 0.376953 0.597656 0.369141 0.623047 0.367188 0.699219 0.380859 0.785156 0.406250 0.835938 0.453125 0.841797 0.484375 0.818359 0.492188 0.746094 0.445312 0.699219 0.425781 0.603516 0.410156 0.587891
17 0.146484 0.570312 0.130859 0.589844 0.126953 0.613281 0.138672 0.744141 0.158203 0.783203 0.191406 0.787109 0.214844 0.769531 0.222656 0.718750 0.185547 0.669922 0.164062 0.578125
