0 0.550781 0.574219 0.505859 0.552734 0.486328 0.500000 0.435547 0.511719 0.365234 0.595703 0.230469 0.603516 0.175781 0.562500 0.156250 0.664062 0.230469 0.732422 0.386719 0.712891 0.519531 0.750000
1 0.537109 0.322266 0.511719 0.314453 0.416016 0.318359 0.332031 0.333984 0.279297 0.367188 0.246094 0.408203 0.458984 0.406250 0.523438 0.347656
4 0.582031 0.335938 0.580078 0.425781 0.642578 0.718750 0.673828 0.726562 0.716797 0.714844 0.720703 0.537109 0.660156 0.318359
5 0.423828 0.505859 0.449219 0.507812 0.484375 0.498047 0.505859 0.474609 0.515625 0.457031 0.515625 0.447266 0.429688 0.447266 0.423828 0.466797 0.427734 0.488281
10 0.664062 0.320312 0.667969 0.373047 0.718750 0.496094 0.718750 0.716797 0.802734 0.705078 0.828125 0.654297 0.820312 0.552734 0.765625 0.414062 0.701172 0.337891
15 0.177734 0.464844 0.189453 0.492188 0.179688 0.546875 0.205078 0.587891 0.228516 0.597656 0.345703 0.589844 0.410156 0.544922 0.429688 0.435547 0.455078 0.410156 0.269531 0.406250 0.214844 0.427734
17 0.212891 0.748047 0.207031 0.769531 0.216797 0.806641 0.232422 0.833984 0.255859 0.853516 0.289062 0.847656 0.314453 0.804688 0.318359 0.769531 0.312500 0.755859 0.267578 0.751953 0.257812 0.746094
17 0.005859 0.605469 0.001953 0.626953 0.003906 0.693359 0.000000 0.701172 0.009766 0.714844 0.017578 0.714844 0.027344 0.703125 0.033203 0.685547 0.035156 0.648438 0.023438 0.617188 0.013672 0.607422
17 0.578125 0.601562 0.556641 0.621094 0.537109 0.742188 0.519531 0.765625 0.517578 0.800781 0.529297 0.832031 0.556641 0.855469 0.601562 0.843750 0.625000 0.781250 0.623047 0.660156 0.605469 0.621094
17 0.871094 0.583984 0.849609 0.593750 0.837891 0.705078 0.814453 0.744141 0.820312 0.779297 0.843750 0.794922 0.875000 0.785156 0.892578 0.716797 0.892578 0.644531 0.882812 0.599609
