6 0.197266 0.531250 0.207031 0.707031 0.402344 0.683594 0.468750 0.724609 0.511719 0.810547 0.582031 0.767578 0.775391 0.740234 0.808594 0.695312 0.808594 0.529297 0.660156 0.535156 0.705078 0.451172 0.308594 0.455078 0.335938 0.542969
7 0.269531 0.357422 0.736328 0.361328 0.677734 0.238281 0.605469 0.226562 0.576172 0.251953 0.478516 0.203125 0.332031 0.218750
8 0.921875 0.460938 0.908203 0.466797 0.878906 0.523438 0.876953 0.550781 0.900391 0.621094 0.908203 0.609375 0.908203 0.583984 0.925781 0.507812
9 0.781250 0.435547 0.775391 0.429688 0.757812 0.429688 0.708984 0.451172 0.671875 0.505859 0.664062 0.537109 0.775391 0.531250 0.791016 0.525391 0.789062 0.464844
11 0.228516 0.427734 0.212891 0.468750 0.212891 0.519531 0.236328 0.527344 0.332031 0.535156 0.332031 0.513672 0.300781 0.458984 0.248047 0.427734
12 0.250000 0.392578 0.259766 0.429688 0.322266 0.455078 0.708984 0.449219 0.755859 0.427734 0.742188 0.373047 0.623047 0.359375 0.287109 0.365234
14 0.195312 0.310547 0.187500 0.324219 0.189453 0.363281 0.197266 0.367188 0.212891 0.365234 0.228516 0.378906 0.238281 0.382812 0.244141 0.380859 0.248047 0.349609 0.242188 0.316406 0.232422 0.308594 0.216797 0.304688
17 0.800781 0.726562 0.781250 0.748047 0.728516 0.765625 0.699219 0.804688 0.716797 0.826172 0.720703 0.880859 0.732422 0.892578 0.792969 0.894531 0.800781 0.882812
17 0.197266 0.722656 0.197266 0.875000 0.218750 0.898438 0.250000 0.900391 0.269531 0.892578 0.279297 0.876953 0.289062 0.810547 0.296875 0.804688 0.322266 0.822266 0.330078 0.798828 0.294922 0.804688 0.269531 0.765625 0.208984 0.740234
17 0.953125 0.558594 0.945312 0.580078 0.939453 0.728516 0.955078 0.761719 0.992188 0.769531 0.996094 0.689453 0.972656 0.666016 0.964844 0.589844
