8 0.452734 0.197656 0.550391 0.194141 0.602148 0.197656 0.535547 0.337695 0.467773 0.356250 0.378125 0.352734 0.300000 0.338867 0.327539 0.318164 0.390820 0.253906 0.413672 0.225195
13 0.496484 0.350391 0.487305 0.400977 0.425195 0.425000 0.397656 0.445703 0.387305 0.458398 0.291992 0.477930 0.259766 0.481445 0.137891 0.443555 0.151758 0.412500 0.181641 0.376758 0.220703 0.357227 0.263281 0.343555 0.296484 0.337695 0.368945 0.355078 0.474609 0.357227
10 0.259766 0.485938 0.387305 0.458398 0.337891 0.534180 0.301172 0.553711 0.195508 0.582422 0.239063 0.510156
7 0.348242 0.532031 0.366602 0.557227 0.419531 0.544531 0.400000 0.581250 0.378125 0.666406 0.372266 0.734180 0.376953 0.796094 0.325195 0.813477 0.288477 0.811133 0.205859 0.773242 0.142578 0.720313 0.096680 0.668750 0.104688 0.618164 0.101172 0.577930 0.103516 0.543359 0.110352 0.514648 0.118359 0.503125 0.113867 0.477930 0.133398 0.445703 0.218359 0.467578 0.264453 0.483594 0.210352 0.550391 0.195508 0.581250 0.284961 0.560742 0.305664 0.550391
14 0.574609 0.365430 0.600977 0.372266 0.632031 0.372266 0.648047 0.356250 0.657227 0.328516 0.648047 0.306836 0.603320 0.300977 0.579102 0.310156 0.571094 0.325195
9 0.549219 0.471094 0.559570 0.696289 0.733203 0.636523 0.730859 0.580273 0.737695 0.446875 0.735352 0.395313 0.730859 0.365430 0.721680 0.340039 0.711328 0.249219 0.699805 0.188477 0.664258 0.187305 0.638867 0.195312 0.611328 0.213672 0.588281 0.253906 0.553906 0.346875 0.544727 0.382617 0.545898 0.422852
3 0.750391 0.627344 0.788281 0.616992 0.805469 0.599805 0.849219 0.427344 0.858398 0.384961 0.860547 0.346875 0.850391 0.319336 0.827344 0.292969 0.812305 0.244727 0.792773 0.222852 0.773242 0.206836 0.736523 0.194141 0.702148 0.189648 0.716992 0.310156 0.722852 0.341211 0.733203 0.369922 0.737695 0.407813 0.734180 0.638867
4 0.909961 0.382617 0.890430 0.343555 0.882422 0.300977 0.906641 0.328516
18 0.442383 0.549219 0.476953 0.549219 0.499805 0.566406 0.519336 0.604297 0.532031 0.681250 0.530859 0.734180 0.510156 0.808789 0.494141 0.831836 0.487305 0.854688 0.465430 0.866211 0.439063 0.862891 0.414844 0.847852 0.400000 0.815625 0.388477 0.780078 0.381641 0.745703 0.379297 0.666406 0.391797 0.622656 0.405664 0.588281 0.418359 0.571094
18 0.828906 0.618750 0.835938 0.537891 0.842773 0.501953 0.852930 0.477930 0.864258 0.464062 0.879492 0.464062 0.891992 0.483594 0.905273 0.549805 0.904687 0.599023 0.897070 0.637695 0.880078 0.683008 0.867383 0.696875 0.844141 0.671680 0.828906 0.633789
