0 0.914062 0.558594 0.892578 0.537109 0.894531 0.560547 0.859375 0.583984 0.666016 0.605469 0.664062 0.625000 0.687500 0.646484 0.658203 0.685547 0.746094 0.693359 0.878906 0.671875 0.916016 0.626953
1 0.714844 0.296875 0.720703 0.310547 0.744141 0.318359 0.732422 0.351562 0.750000 0.394531 0.843750 0.388672 0.857422 0.375000 0.859375 0.353516 0.845703 0.322266 0.824219 0.308594 0.800781 0.279297 0.761719 0.273438
2 0.453125 0.289062 0.353516 0.312500 0.330078 0.482422 0.341797 0.648438 0.455078 0.638672 0.474609 0.417969 0.455078 0.361328
3 0.664062 0.441406 0.652344 0.455078 0.642578 0.480469 0.644531 0.529297 0.656250 0.544922 0.695312 0.546875 0.701172 0.525391 0.697266 0.457031 0.685547 0.443359
8 0.349609 0.308594 0.281250 0.335938 0.193359 0.490234 0.189453 0.599609 0.208984 0.650391 0.335938 0.644531 0.328125 0.482422
16 0.882812 0.435547 0.843750 0.404297 0.726562 0.414062 0.695312 0.548828 0.630859 0.546875 0.595703 0.455078 0.498047 0.466797 0.486328 0.531250 0.566406 0.521484 0.605469 0.574219 0.621094 0.673828 0.652344 0.691406 0.683594 0.652344 0.666016 0.603516 0.841797 0.585938 0.886719 0.560547
17 0.820312 0.710938 0.796875 0.705078 0.767578 0.708984 0.732422 0.722656 0.710938 0.720703 0.707031 0.736328 0.712891 0.751953 0.732422 0.773438 0.753906 0.781250 0.781250 0.781250 0.794922 0.775391 0.814453 0.751953 0.822266 0.726562
17 0.392578 0.718750 0.376953 0.705078 0.365234 0.707031 0.353516 0.714844 0.339844 0.708984 0.332031 0.708984 0.326172 0.712891 0.326172 0.722656 0.330078 0.730469 0.341797 0.742188 0.357422 0.746094 0.378906 0.740234 0.388672 0.730469
17 0.128906 0.595703 0.113281 0.605469 0.099609 0.634766 0.105469 0.736328 0.123047 0.773438 0.171875 0.777344 0.187500 0.759766 0.193359 0.736328 0.171875 0.621094 0.154297 0.597656
17 0.537109 0.593750 0.513672 0.603516 0.486328 0.644531 0.480469 0.718750 0.490234 0.767578 0.521484 0.816406 0.558594 0.822266 0.593750 0.804688 0.611328 0.748047 0.585938 0.621094 0.564453 0.597656
