0 0.101562 0.664062 0.111328 0.722656 0.181641 0.744141 0.373047 0.753906 0.406250 0.740234 0.449219 0.746094 0.466797 0.726562 0.449219 0.681641 0.410156 0.710938 0.349609 0.691406 0.314453 0.724609 0.228516 0.716797 0.218750 0.681641 0.187500 0.666016
1 0.308594 0.380859 0.343750 0.412109 0.585938 0.423828 0.601562 0.373047 0.582031 0.333984 0.460938 0.324219 0.410156 0.308594 0.365234 0.314453 0.343750 0.351562
3 0.113281 0.507812 0.107422 0.509766 0.095703 0.552734 0.097656 0.605469 0.105469 0.619141 0.113281 0.619141 0.119141 0.611328 0.130859 0.544922 0.121094 0.541016 0.113281 0.529297
4 0.650391 0.326172 0.638672 0.363281 0.671875 0.539062 0.667969 0.634766 0.646484 0.708984 0.736328 0.703125 0.744141 0.667969 0.732422 0.435547 0.742188 0.339844
5 0.453125 0.503906 0.449219 0.511719 0.451172 0.531250 0.445312 0.541016 0.449219 0.601562 0.443359 0.617188 0.445312 0.623047 0.457031 0.626953 0.470703 0.617188 0.482422 0.546875 0.457031 0.535156 0.458984 0.509766
10 0.748047 0.345703 0.734375 0.363281 0.748047 0.525391 0.740234 0.701172 0.765625 0.703125 0.826172 0.685547 0.839844 0.566406 0.808594 0.455078
16 0.140625 0.466797 0.125000 0.652344 0.216797 0.675781 0.232422 0.716797 0.314453 0.722656 0.347656 0.689453 0.410156 0.707031 0.449219 0.679688 0.468750 0.730469 0.509766 0.740234 0.585938 0.597656 0.640625 0.673828 0.658203 0.583984 0.638672 0.478516 0.392578 0.429688
17 0.185547 0.773438 0.179688 0.781250 0.183594 0.837891 0.195312 0.875000 0.224609 0.892578 0.246094 0.892578 0.265625 0.884766 0.283203 0.853516 0.289062 0.814453 0.242188 0.785156 0.216797 0.792969 0.197266 0.775391
17 0.578125 0.658203 0.560547 0.667969 0.537109 0.779297 0.517578 0.802734 0.513672 0.835938 0.529297 0.900391 0.542969 0.910156 0.597656 0.902344 0.621094 0.830078 0.621094 0.716797 0.603516 0.673828
17 0.853516 0.628906 0.843750 0.724609 0.822266 0.763672 0.820312 0.792969 0.828125 0.828125 0.843750 0.837891 0.865234 0.837891 0.878906 0.828125 0.888672 0.804688 0.894531 0.669922 0.886719 0.636719
