6 0.096094 0.565039 0.127148 0.573242 0.110937 0.608203 0.096094 0.617578 0.093555 0.591992
17 0.249805 0.681055 0.272656 0.694531 0.295508 0.721289 0.314453 0.772656 0.316992 0.802148 0.310352 0.829102 0.291406 0.860156 0.265820 0.868164 0.238867 0.870898 0.209375 0.861523 0.189062 0.842578 0.178320 0.818359 0.178320 0.753711 0.186328 0.720117 0.208008 0.687695 0.233594 0.683594
18 0.803320 0.684961 0.837109 0.698438 0.858594 0.720117 0.873437 0.750977 0.876172 0.791406 0.870703 0.825000 0.845117 0.873633 0.815430 0.885742 0.760156 0.878906 0.735938 0.860156 0.719922 0.835938 0.713086 0.804883 0.711719 0.771289 0.730664 0.716016 0.752148 0.695703 0.776367 0.684961
15 0.652539 0.509961 0.639062 0.509961 0.633594 0.525977 0.632227 0.549023 0.640430 0.561133 0.652539 0.563867 0.657813 0.555664 0.671289 0.551562 0.674023 0.531445 0.667383 0.519336
11 0.469336 0.430469 0.520508 0.434375 0.558203 0.441211 0.590430 0.451953 0.664648 0.515234 0.679492 0.536914 0.686133 0.566406 0.690234 0.682227 0.684766 0.742969 0.679492 0.759180 0.560937 0.753711 0.469336 0.753711 0.474609 0.631055 0.469336 0.454688
5 0.337305 0.441211 0.282031 0.496484 0.261914 0.520703 0.253711 0.540820 0.251172 0.567773 0.272656 0.660742 0.298242 0.678320 0.310352 0.698438 0.327930 0.753711 0.401953 0.750977 0.470703 0.752344 0.470703 0.573242 0.474609 0.528711 0.469336 0.430469 0.377734 0.429102 0.360156 0.433203
12 0.939453 0.590625 0.896289 0.590625 0.870703 0.598828 0.874805 0.612305 0.917773 0.648633 0.946094 0.651367 0.955469 0.644531 0.952930 0.620313
2 0.161523 0.443555 0.283398 0.443555 0.261523 0.467578 0.209766 0.505469 0.173047 0.538867 0.116797 0.541211 0.107617 0.537695 0.138477 0.479102
7 0.847852 0.679297 0.905859 0.645117 0.937500 0.651563 0.957617 0.646484 0.961523 0.675586 0.962109 0.729102 0.957617 0.755078 0.945703 0.772656 0.910937 0.792383 0.885742 0.796094 0.884375 0.762695 0.878711 0.731055 0.867383 0.702734 0.849023 0.679297
1 0.105469 0.615625 0.119336 0.645898 0.164844 0.659180 0.196875 0.660937 0.166016 0.703320 0.159766 0.784180 0.105469 0.760742 0.083398 0.729883 0.081445 0.683789 0.086523 0.655273 0.098437 0.640234 0.097852 0.619922
