4 0.332031 0.423828 0.273438 0.427734 0.244141 0.478516 0.220703 0.580078 0.218750 0.666016 0.232422 0.720703 0.244141 0.728516 0.292969 0.728516 0.302734 0.525391
6 0.496094 0.628906 0.496094 0.765625 0.544922 0.783203 0.742188 0.787109 0.775391 0.775391 0.800781 0.726562 0.800781 0.656250 0.785156 0.636719 0.753906 0.638672 0.742188 0.591797 0.597656 0.591797 0.617188 0.646484 0.607422 0.660156
7 0.396484 0.431641 0.417969 0.513672 0.437500 0.535156 0.664062 0.537109 0.644531 0.501953 0.580078 0.437500
10 0.335938 0.421875 0.304688 0.525391 0.294922 0.724609 0.310547 0.740234 0.376953 0.746094 0.390625 0.703125 0.398438 0.486328 0.384766 0.439453 0.365234 0.423828
11 0.494141 0.591797 0.496094 0.613281 0.521484 0.630859 0.599609 0.656250 0.611328 0.654297 0.593750 0.601562 0.585938 0.593750 0.529297 0.591797 0.501953 0.585938
12 0.439453 0.539062 0.509766 0.582031 0.595703 0.591797 0.759766 0.587891 0.746094 0.568359 0.673828 0.539062
16 0.205078 0.546875 0.136719 0.550781 0.103516 0.576172 0.091797 0.603516 0.097656 0.660156 0.103516 0.650391 0.109375 0.658203 0.109375 0.699219 0.125000 0.722656 0.132812 0.720703 0.158203 0.630859 0.185547 0.644531 0.208984 0.691406 0.212891 0.554688
17 0.765625 0.802734 0.718750 0.802734 0.677734 0.816406 0.673828 0.826172 0.675781 0.835938 0.691406 0.865234 0.703125 0.871094 0.716797 0.871094 0.746094 0.861328 0.761719 0.839844
17 0.439453 0.685547 0.416016 0.710938 0.402344 0.812500 0.427734 0.873047 0.464844 0.880859 0.492188 0.869141 0.501953 0.824219 0.474609 0.710938 0.457031 0.687500
17 0.162109 0.671875 0.154297 0.683594 0.142578 0.748047 0.158203 0.822266 0.164062 0.830078 0.185547 0.835938 0.208984 0.824219 0.216797 0.806641 0.216797 0.783203 0.195312 0.740234 0.183594 0.691406 0.169922 0.671875
