4 0.320312 0.269531 0.273438 0.269531 0.251953 0.283203 0.214844 0.435547 0.220703 0.521484 0.244141 0.576172 0.277344 0.591797 0.292969 0.587891 0.289062 0.439453
6 0.886719 0.562500 0.841797 0.550781 0.828125 0.474609 0.660156 0.474609 0.687500 0.546875 0.675781 0.587891 0.564453 0.562500 0.523438 0.580078 0.539062 0.710938 0.679688 0.720703 0.857422 0.683594 0.878906 0.654297
7 0.390625 0.275391 0.419922 0.384766 0.435547 0.400391 0.681641 0.394531 0.593750 0.273438 0.433594 0.263672
9 0.847656 0.460938 0.841797 0.464844 0.835938 0.482422 0.841797 0.498047 0.841797 0.542969 0.843750 0.550781 0.853516 0.554688 0.869141 0.541016 0.871094 0.494141 0.863281 0.468750
10 0.330078 0.265625 0.306641 0.328125 0.291016 0.439453 0.294922 0.591797 0.396484 0.623047 0.404297 0.380859 0.378906 0.271484
11 0.544922 0.476562 0.550781 0.517578 0.572266 0.556641 0.605469 0.574219 0.646484 0.570312 0.675781 0.580078 0.671875 0.527344 0.650391 0.482422 0.593750 0.480469 0.562500 0.468750
12 0.460938 0.406250 0.587891 0.472656 0.710938 0.464844 0.734375 0.480469 0.833984 0.474609 0.843750 0.458984 0.800781 0.423828 0.687500 0.396484
16 0.191406 0.406250 0.128906 0.408203 0.115234 0.433594 0.109375 0.480469 0.125000 0.525391 0.146484 0.560547 0.164062 0.494141 0.173828 0.486328 0.195312 0.494141 0.203125 0.486328 0.203125 0.419922
17 0.830078 0.695312 0.744141 0.720703 0.730469 0.720703 0.726562 0.728516 0.740234 0.744141 0.769531 0.753906 0.789062 0.751953 0.804688 0.744141 0.820312 0.728516 0.830078 0.707031
17 0.472656 0.560547 0.451172 0.572266 0.429688 0.611328 0.425781 0.738281 0.458984 0.798828 0.498047 0.820312 0.525391 0.820312 0.558594 0.791016 0.568359 0.734375 0.537109 0.720703 0.507812 0.587891 0.492188 0.564453
17 0.179688 0.525391 0.166016 0.546875 0.158203 0.619141 0.171875 0.681641 0.187500 0.695312 0.216797 0.699219 0.232422 0.681641 0.236328 0.648438 0.218750 0.615234 0.212891 0.570312 0.191406 0.529297
