0 0.496094 0.644531 0.525391 0.775391 0.621094 0.744141 0.869141 0.761719 0.875000 0.730469 0.898438 0.728516 0.890625 0.582031 0.781250 0.662109 0.681641 0.634766 0.583984 0.576172 0.582031 0.615234 0.556641 0.636719
1 0.527344 0.380859 0.560547 0.433594 0.583984 0.451172 0.658203 0.439453 0.804688 0.443359 0.748047 0.382812 0.679688 0.353516 0.576172 0.347656 0.533203 0.365234
2 0.365234 0.361328 0.361328 0.425781 0.326172 0.492188 0.304688 0.607422 0.306641 0.742188 0.367188 0.755859 0.386719 0.736328 0.476562 0.419922 0.449219 0.378906
3 0.523438 0.496094 0.535156 0.521484 0.562500 0.546875 0.591797 0.558594 0.605469 0.554688 0.640625 0.572266 0.628906 0.556641 0.628906 0.513672 0.605469 0.486328 0.566406 0.496094
8 0.363281 0.361328 0.283203 0.406250 0.234375 0.466797 0.212891 0.558594 0.185547 0.566406 0.173828 0.621094 0.181641 0.724609 0.195312 0.740234 0.304688 0.744141 0.306641 0.556641 0.353516 0.449219
15 0.593750 0.455078 0.630859 0.505859 0.630859 0.556641 0.642578 0.568359 0.630859 0.574219 0.685547 0.626953 0.814453 0.613281 0.853516 0.562500 0.853516 0.507812 0.826172 0.462891 0.800781 0.447266 0.652344 0.443359
16 0.865234 0.484375 0.826172 0.464844 0.859375 0.525391 0.855469 0.562500 0.820312 0.611328 0.771484 0.626953 0.671875 0.625000 0.769531 0.660156 0.843750 0.625000 0.867188 0.589844
17 0.851562 0.775391 0.843750 0.771484 0.806641 0.773438 0.798828 0.779297 0.791016 0.796875 0.779297 0.802734 0.753906 0.804688 0.748047 0.818359 0.755859 0.832031 0.773438 0.845703 0.798828 0.851562 0.820312 0.847656 0.835938 0.835938 0.847656 0.812500 0.853516 0.789062
17 0.443359 0.632812 0.416016 0.664062 0.402344 0.726562 0.412109 0.835938 0.439453 0.867188 0.494141 0.869141 0.511719 0.853516 0.517578 0.816406 0.500000 0.777344 0.484375 0.677734 0.464844 0.640625
17 0.121094 0.617188 0.099609 0.646484 0.087891 0.740234 0.111328 0.816406 0.162109 0.822266 0.179688 0.802734 0.181641 0.781250 0.162109 0.748047 0.152344 0.658203 0.138672 0.626953
