0 0.878906 0.640625 0.859375 0.654297 0.845703 0.656250 0.845703 0.689453 0.871094 0.728516 0.894531 0.730469 0.898438 0.738281 0.876953 0.767578 0.880859 0.777344 0.892578 0.777344 0.908203 0.736328 0.908203 0.681641 0.900391 0.656250 0.894531 0.656250 0.888672 0.640625
4 0.259766 0.326172 0.205078 0.343750 0.152344 0.429688 0.142578 0.625000 0.173828 0.710938 0.218750 0.707031 0.199219 0.628906 0.201172 0.517578
5 0.855469 0.580078 0.847656 0.585938 0.845703 0.593750 0.847656 0.630859 0.855469 0.646484 0.878906 0.638672 0.886719 0.630859 0.884766 0.613281 0.875000 0.593750 0.865234 0.583984
6 0.875000 0.759766 0.837891 0.757812 0.830078 0.714844 0.763672 0.724609 0.675781 0.636719 0.677734 0.619141 0.716797 0.632812 0.707031 0.560547 0.728516 0.556641 0.656250 0.558594 0.648438 0.648438 0.486328 0.621094 0.435547 0.634766 0.464844 0.785156 0.564453 0.835938 0.660156 0.781250 0.820312 0.828125
7 0.341797 0.328125 0.386719 0.455078 0.658203 0.470703 0.605469 0.386719 0.509766 0.333984
10 0.291016 0.316406 0.261719 0.328125 0.220703 0.439453 0.201172 0.626953 0.220703 0.708984 0.306641 0.744141 0.322266 0.500000 0.345703 0.431641 0.322266 0.328125
11 0.457031 0.529297 0.488281 0.572266 0.500000 0.613281 0.646484 0.636719 0.623047 0.589844 0.625000 0.578125 0.650391 0.578125 0.636719 0.554688 0.623047 0.554688 0.613281 0.568359 0.503906 0.521484 0.464844 0.521484
12 0.398438 0.464844 0.433594 0.480469 0.455078 0.511719 0.500000 0.513672 0.599609 0.550781 0.740234 0.554688 0.777344 0.539062 0.660156 0.472656
15 0.714844 0.562500 0.728516 0.570312 0.708984 0.587891 0.720703 0.632812 0.697266 0.642578 0.724609 0.666016 0.753906 0.671875 0.771484 0.685547 0.808594 0.675781 0.837891 0.638672 0.849609 0.572266 0.783203 0.564453 0.767578 0.552734
15 0.746094 0.193359 0.648438 0.197266 0.636719 0.205078 0.654297 0.228516 0.707031 0.232422 0.707031 0.224609 0.718750 0.212891 0.742188 0.210938
16 0.843750 0.595703 0.841797 0.650391 0.812500 0.675781 0.775391 0.689453 0.724609 0.667969 0.759766 0.685547 0.759766 0.693359 0.792969 0.703125 0.787109 0.724609 0.777344 0.712891 0.767578 0.722656 0.792969 0.724609 0.839844 0.701172 0.849609 0.642578
17 0.708984 0.876953 0.712891 0.896484 0.730469 0.912109 0.757812 0.917969 0.794922 0.916016 0.824219 0.886719 0.833984 0.845703 0.820312 0.847656 0.808594 0.857422 0.785156 0.859375 0.777344 0.847656 0.757812 0.841797 0.746094 0.849609 0.734375 0.869141
17 0.388672 0.648438 0.359375 0.664062 0.345703 0.697266 0.332031 0.851562 0.367188 0.951172 0.388672 0.966797 0.431641 0.968750 0.466797 0.937500 0.474609 0.871094 0.449219 0.835938 0.425781 0.687500
17 0.123047 0.630859 0.111328 0.644531 0.103516 0.685547 0.099609 0.763672 0.111328 0.816406 0.123047 0.826172 0.144531 0.828125 0.166016 0.814453 0.177734 0.769531 0.152344 0.742188 0.138672 0.652344
