8 0.428711 0.217188 0.526367 0.203320 0.671094 0.204492 0.653906 0.302148 0.640039 0.344727 0.625195 0.353906 0.600977 0.359570 0.430859 0.350391 0.301172 0.352734 0.334375 0.318164 0.384961 0.256250 0.405664 0.237891
14 0.689453 0.369922 0.744531 0.360742 0.756055 0.348047 0.758398 0.328516 0.748047 0.312500 0.729688 0.302148 0.699805 0.298633 0.690625 0.317188 0.691797 0.346875
15 0.296484 0.351562 0.286133 0.344727 0.288477 0.324023 0.300000 0.312500 0.325195 0.303320 0.331055 0.313672 0.312695 0.335547
13 0.619336 0.350391 0.626172 0.367578 0.626172 0.384961 0.567578 0.432031 0.564258 0.445703 0.537891 0.456055 0.488477 0.466406 0.343555 0.476758 0.249414 0.469922 0.220703 0.464062 0.198828 0.453906 0.212695 0.425000 0.234570 0.396289 0.295312 0.355078 0.439063 0.350391 0.597461 0.359570
10 0.445898 0.490625 0.422852 0.521680 0.458594 0.549219 0.553906 0.533008 0.592969 0.522656 0.622852 0.448047 0.603320 0.435352 0.582617 0.445703 0.555078 0.453906 0.519336 0.459570 0.484961 0.479102
12 0.213867 0.511328 0.196484 0.518164 0.188477 0.527344 0.178125 0.513477 0.171289 0.496289 0.175977 0.456055 0.188477 0.434375 0.210352 0.424023 0.201172 0.450391 0.208008 0.484766
7 0.600977 0.497461 0.642383 0.550391 0.624023 0.631836 0.612500 0.737500 0.605664 0.752539 0.567578 0.774414 0.526367 0.782422 0.488477 0.783594 0.387305 0.778906 0.332227 0.772070 0.215039 0.752539 0.178125 0.738672 0.155273 0.716992 0.160938 0.638867 0.154102 0.557227 0.156445 0.530859 0.167773 0.502148 0.183984 0.530859 0.195508 0.518164 0.215039 0.510156 0.202344 0.453906 0.233398 0.467578 0.324023 0.475586 0.379297 0.475586 0.437891 0.471094 0.513672 0.460742 0.502148 0.472266 0.481445 0.481445 0.449414 0.487109 0.424023 0.520508 0.439063 0.530859 0.459766 0.551562 0.590625 0.526172
18 0.577734 0.782813 0.601562 0.773438 0.611719 0.754492 0.617969 0.723437 0.623047 0.654687 0.640234 0.566992 0.657227 0.546680 0.674219 0.551172 0.684961 0.600977 0.688086 0.678711 0.680469 0.757031 0.660937 0.805469 0.635742 0.820703 0.587695 0.810547 0.575195 0.781641
18 0.806250 0.583398 0.817578 0.541602 0.820117 0.494336 0.833398 0.458984 0.839063 0.469727 0.845898 0.567578 0.839063 0.618750 0.829492 0.635156 0.816211 0.637695 0.804883 0.606641 0.805469 0.584570
9 0.675586 0.382031 0.671094 0.342187 0.683789 0.223438 0.696289 0.204492 0.724023 0.198242 0.777148 0.378711 0.774023 0.590820 0.696289 0.652148 0.699414 0.594727 0.696289 0.445117 0.678711 0.383203
3 0.733594 0.198828 0.766992 0.224805 0.819531 0.330859 0.828906 0.411523 0.813086 0.516406 0.801172 0.566211 0.777148 0.587109 0.778320 0.373828 0.724805 0.196289
