14 0.784766 0.272266 0.787109 0.245898 0.796289 0.225195 0.816992 0.220508 0.846875 0.226367 0.858398 0.250391 0.852539 0.271094 0.827344 0.278125 0.795117 0.280273
15 0.343555 0.256250 0.334375 0.245898 0.334375 0.220508 0.342578 0.209180 0.368945 0.203320 0.375781 0.216016
8 0.463086 0.127539 0.497656 0.118359 0.596484 0.111523 0.732031 0.124023 0.754883 0.128711 0.753711 0.172266 0.743359 0.237891 0.732031 0.261914 0.683789 0.267773 0.528516 0.269922 0.445898 0.266602 0.355078 0.250391 0.379297 0.208008 0.434375 0.150586
13 0.721680 0.268750 0.732031 0.290625 0.729688 0.304492 0.705469 0.329688 0.677930 0.346875 0.650391 0.369922 0.605664 0.363086 0.321875 0.346875 0.239063 0.336719 0.259766 0.306836 0.287305 0.286133 0.342578 0.256250 0.478125 0.269922 0.674609 0.269922
10 0.691797 0.338867 0.713672 0.340039 0.725000 0.355078 0.726172 0.377930 0.702148 0.424023 0.699805 0.457227 0.668750 0.472266 0.594141 0.489453 0.569922 0.489453 0.544727 0.481445 0.597461 0.415820 0.669922 0.349219
12 0.235547 0.451562 0.206836 0.451562 0.191992 0.424023 0.191992 0.391797 0.205859 0.349219 0.223047 0.330859 0.256250 0.312500 0.234570 0.350391 0.228711 0.373437 0.229883 0.400977 0.234570 0.420508
18 0.751563 0.442383 0.777930 0.457227 0.791797 0.481445 0.799805 0.540039 0.799805 0.572070 0.791797 0.604297 0.759570 0.672070 0.742383 0.684766 0.705469 0.685937 0.675586 0.680078 0.685937 0.667578 0.718164 0.658398 0.723828 0.635352 0.725000 0.568750 0.738867 0.497461
18 0.892969 0.461914 0.902539 0.381641 0.912695 0.347852 0.916211 0.347070 0.923242 0.391797 0.922656 0.411523 0.917969 0.461523 0.911328 0.489063 0.903516 0.496484 0.896875 0.492578 0.892969 0.463672
7 0.187109 0.427344 0.206836 0.452734 0.237891 0.455273 0.229102 0.376758 0.241016 0.336914 0.313672 0.347461 0.388672 0.354102 0.643945 0.369922 0.591797 0.418555 0.540039 0.483398 0.547070 0.491211 0.636523 0.486914 0.700977 0.464453 0.738672 0.486523 0.722852 0.564844 0.719727 0.644727 0.700977 0.661328 0.584180 0.678125 0.524609 0.667578 0.327344 0.647852 0.230078 0.624609 0.202930 0.627539 0.168555 0.590430 0.177930 0.562305 0.170313 0.491211 0.183984 0.463281 0.185352 0.428125
9 0.777539 0.130078 0.782031 0.120313 0.791992 0.112109 0.807031 0.112109 0.869141 0.316406 0.870117 0.466211 0.857812 0.489453 0.805664 0.535937 0.796094 0.460156 0.786719 0.324609 0.770117 0.256641 0.770508 0.170313 0.777148 0.133594
3 0.818359 0.111523 0.851172 0.134766 0.913867 0.268164 0.912109 0.329883 0.892383 0.451367 0.870508 0.471484 0.871484 0.319922 0.809570 0.112109
