15 0.273633 0.396289 0.228711 0.392969 0.198828 0.384961 0.189648 0.360742 0.189648 0.333203 0.212695 0.326367 0.240234 0.324023 0.263281 0.333203 0.278125 0.377930
12 0.432031 0.474414 0.372266 0.471094 0.359766 0.474414 0.355078 0.491797 0.376953 0.564063 0.417187 0.577930 0.516016 0.591602 0.505664 0.552539 0.483789 0.513477 0.461914 0.491797
7 0.374609 0.565234 0.351758 0.573242 0.333203 0.583594 0.356250 0.668750 0.374609 0.798438 0.383789 0.817969 0.371289 0.831836 0.419531 0.844531 0.660742 0.850195 0.841016 0.828320 0.882422 0.816797 0.931836 0.790430 0.927344 0.775586 0.941016 0.739844 0.944531 0.699609 0.942187 0.606641 0.936523 0.566406 0.925000 0.540039 0.914648 0.552539 0.890430 0.560742 0.880078 0.480273 0.869922 0.479102 0.842187 0.483594 0.801953 0.481445 0.699805 0.484766 0.535547 0.499805 0.514844 0.495117 0.480273 0.496289 0.468945 0.498633 0.498828 0.536523 0.518359 0.589453 0.416016 0.577930 0.387305 0.564063
13 0.360938 0.388281 0.357422 0.403320 0.372266 0.429688 0.417187 0.474414 0.437891 0.475586 0.472266 0.497461 0.588281 0.495117 0.723828 0.480273 0.840039 0.481445 0.877930 0.473438 0.873242 0.454883 0.884766 0.453906 0.856055 0.427344 0.823828 0.407813 0.795117 0.376758 0.746875 0.381445 0.389648 0.394141
14 0.750391 0.319336 0.773242 0.316016 0.788281 0.320508 0.797461 0.341211 0.797461 0.355078 0.790625 0.365430 0.768750 0.346875
8 0.356250 0.379102 0.339062 0.351562 0.312695 0.221680 0.302344 0.191797 0.410352 0.184961 0.514844 0.184961 0.621680 0.191797 0.718164 0.288281 0.787109 0.376758 0.754883 0.381445 0.638867 0.381445 0.373437 0.391797
11 0.274609 0.465234 0.268945 0.503125 0.265430 0.576758 0.266602 0.616992 0.249414 0.690430 0.215039 0.670898 0.156445 0.629687 0.159766 0.603125 0.159766 0.558398 0.151758 0.498633 0.156445 0.387109 0.166797 0.355078 0.178125 0.340039 0.194336 0.264258 0.212695 0.214844 0.235547 0.172266 0.258594 0.178125 0.280469 0.188477 0.295312 0.224023 0.304492 0.271094 0.310352 0.308984 0.304492 0.341211 0.288477 0.392969 0.282813 0.421680
5 0.151758 0.626172 0.111523 0.597461 0.095508 0.521680 0.091992 0.488281 0.082812 0.453906 0.082812 0.367578 0.105859 0.286133 0.120703 0.256250 0.151758 0.210156 0.168945 0.189648 0.200000 0.172266 0.229883 0.170117 0.188477 0.287305 0.179297 0.340039 0.164453 0.363086 0.154102 0.397461 0.149414 0.441211 0.150586 0.506641 0.162109 0.565234 0.160938 0.603125
18 0.319531 0.571094 0.284961 0.595117 0.264453 0.623828 0.256250 0.673242 0.257422 0.733008 0.272461 0.796094 0.293164 0.828320 0.325195 0.847852 0.353906 0.844531 0.367773 0.834180 0.380469 0.819141 0.372266 0.792773 0.362109 0.690430 0.347070 0.615820
18 0.058008 0.490625 0.068750 0.460156 0.075195 0.462695 0.082031 0.486133 0.105469 0.613672 0.113672 0.628125 0.146484 0.646484 0.138281 0.664062 0.067578 0.660352 0.054883 0.625000 0.051758 0.572656 0.050586 0.541602 0.059375 0.492969
10 0.879492 0.464453 0.899414 0.471875 0.912500 0.497070 0.921484 0.542383 0.910937 0.552734 0.889453 0.556055 0.877930 0.465430
