0 0.390625 0.541016 0.326172 0.478516 0.220703 0.548828 0.089844 0.533203 0.089844 0.589844 0.125000 0.644531 0.365234 0.671875
1 0.402344 0.335938 0.367188 0.318359 0.300781 0.322266 0.216797 0.369141 0.197266 0.392578 0.320312 0.394531 0.339844 0.386719
3 0.103516 0.441406 0.091797 0.458984 0.089844 0.490234 0.099609 0.515625 0.113281 0.527344 0.128906 0.488281 0.132812 0.458984 0.125000 0.445312
4 0.486328 0.332031 0.449219 0.408203 0.451172 0.500000 0.498047 0.574219 0.515625 0.648438 0.539062 0.662109 0.613281 0.662109 0.615234 0.500000 0.576172 0.384766 0.572266 0.330078
5 0.365234 0.439453 0.304688 0.431641 0.281250 0.435547 0.273438 0.447266 0.273438 0.474609 0.263672 0.494141 0.263672 0.511719 0.283203 0.509766 0.296875 0.488281 0.312500 0.484375 0.345703 0.464844
10 0.574219 0.332031 0.617188 0.500000 0.617188 0.658203 0.763672 0.660156 0.775391 0.560547 0.761719 0.486328 0.695312 0.386719 0.650391 0.355469
15 0.296875 0.398438 0.187500 0.396484 0.130859 0.416016 0.123047 0.431641 0.134766 0.468750 0.117188 0.529297 0.144531 0.539062 0.212891 0.541016 0.255859 0.515625 0.263672 0.447266 0.283203 0.429688
17 0.158203 0.660156 0.150391 0.667969 0.150391 0.683594 0.173828 0.730469 0.199219 0.750000 0.224609 0.746094 0.255859 0.701172 0.253906 0.679688 0.212891 0.666016
17 0.833984 0.558594 0.818359 0.568359 0.806641 0.591797 0.792969 0.701172 0.804688 0.730469 0.849609 0.736328 0.867188 0.724609 0.888672 0.677734 0.896484 0.646484 0.894531 0.611328 0.871094 0.574219 0.851562 0.560547
17 0.425781 0.558594 0.408203 0.568359 0.384766 0.613281 0.375000 0.714844 0.394531 0.753906 0.449219 0.759766 0.470703 0.748047 0.490234 0.703125 0.494141 0.628906 0.468750 0.576172 0.449219 0.560547
