4 0.300781 0.318359 0.238281 0.359375 0.193359 0.437500 0.181641 0.492188 0.205078 0.634766 0.228516 0.685547 0.255859 0.677734 0.250000 0.500000
6 0.414062 0.583984 0.437500 0.707031 0.591797 0.720703 0.656250 0.699219 0.675781 0.728516 0.787109 0.716797 0.845703 0.667969 0.828125 0.560547 0.699219 0.572266 0.751953 0.546875 0.771484 0.503906 0.601562 0.501953 0.585938 0.521484 0.552734 0.513672 0.566406 0.574219 0.447266 0.564453
7 0.363281 0.328125 0.384766 0.386719 0.398438 0.396484 0.400391 0.408203 0.388672 0.421875 0.402344 0.433594 0.546875 0.427734 0.531250 0.402344 0.546875 0.351562 0.535156 0.332031 0.484375 0.320312
9 0.820312 0.501953 0.806641 0.494141 0.791016 0.503906 0.775391 0.503906 0.757812 0.542969 0.744141 0.552734 0.724609 0.554688 0.714844 0.570312 0.763672 0.574219 0.828125 0.558594 0.828125 0.525391
10 0.560547 0.335938 0.556641 0.371094 0.564453 0.400391 0.574219 0.416016 0.601562 0.433594 0.642578 0.431641 0.648438 0.406250 0.636719 0.384766 0.595703 0.343750 0.578125 0.335938
10 0.310547 0.316406 0.277344 0.392578 0.248047 0.568359 0.257812 0.675781 0.322266 0.689453 0.332031 0.498047 0.355469 0.373047 0.343750 0.326172
11 0.433594 0.488281 0.433594 0.507812 0.458984 0.556641 0.509766 0.566406 0.558594 0.570312 0.566406 0.566406 0.556641 0.537109 0.537109 0.511719 0.449219 0.482422
12 0.441406 0.441406 0.482422 0.482422 0.541016 0.505859 0.576172 0.494141 0.796875 0.496094 0.753906 0.457031 0.677734 0.441406 0.595703 0.472656 0.562500 0.451172 0.503906 0.449219 0.523438 0.439453
17 0.064453 0.744141 0.005859 0.744141 0.000000 0.753906 0.000000 0.878906 0.009766 0.890625 0.041016 0.888672 0.058594 0.869141 0.074219 0.779297 0.072266 0.753906
17 0.810547 0.724609 0.796875 0.720703 0.773438 0.732422 0.744141 0.732422 0.718750 0.744141 0.697266 0.746094 0.699219 0.781250 0.712891 0.810547 0.722656 0.818359 0.751953 0.824219 0.785156 0.820312 0.804688 0.789062
17 0.992188 0.695312 0.982422 0.708984 0.966797 0.720703 0.945312 0.722656 0.925781 0.718750 0.925781 0.726562 0.931641 0.738281 0.943359 0.746094 0.990234 0.744141 0.996094 0.734375
17 0.179688 0.605469 0.164062 0.626953 0.156250 0.724609 0.171875 0.791016 0.185547 0.800781 0.210938 0.800781 0.226562 0.787109 0.232422 0.738281 0.210938 0.705078 0.193359 0.615234
17 0.384766 0.589844 0.365234 0.603516 0.351562 0.650391 0.357422 0.792969 0.376953 0.843750 0.421875 0.851562 0.443359 0.833984 0.451172 0.787109 0.425781 0.720703 0.408203 0.607422
