15 0.467969 0.196094 0.443750 0.190625 0.418164 0.190625 0.407422 0.204102 0.401953 0.232422 0.403320 0.251367 0.458594 0.264844 0.469336 0.275586 0.493555 0.280859 0.500195 0.263477 0.497656 0.239063 0.486719 0.217578
17 0.218750 0.283594 0.187695 0.282227 0.108203 0.289062 0.075977 0.295703 0.065234 0.314648 0.083984 0.316016 0.085352 0.329492 0.077344 0.363086 0.062500 0.398047 0.059766 0.443945 0.059766 0.474805 0.066602 0.547656 0.071875 0.571875 0.102930 0.575977 0.105664 0.513867 0.117773 0.460156 0.137891 0.422266 0.152734 0.415625 0.170313 0.430469 0.185156 0.458789 0.198633 0.499219 0.214648 0.589453 0.228125 0.590625 0.222852 0.552930 0.214648 0.437109 0.213281 0.350977 0.216016 0.325391
11 0.373633 0.096289 0.416797 0.100391 0.439648 0.112500 0.458594 0.134180 0.488086 0.193359 0.502930 0.264844 0.489453 0.295703 0.484180 0.325391 0.475977 0.496484 0.477344 0.566406 0.473242 0.598828 0.334570 0.590625 0.329297 0.523438 0.334570 0.476172 0.331836 0.427734 0.333203 0.309180 0.343945 0.276953 0.362891 0.146289
5 0.366992 0.097656 0.310352 0.112500 0.280664 0.124609 0.269922 0.131445 0.259180 0.158398 0.238867 0.267383 0.228125 0.301172 0.225391 0.340234 0.224219 0.465430 0.230859 0.558398 0.247070 0.581250 0.334570 0.590625 0.329297 0.555664 0.334570 0.454688 0.330469 0.377930 0.333203 0.309180 0.346680 0.272852 0.348047 0.233789 0.368359 0.116602
8 0.455859 0.100391 0.492188 0.099023 0.563672 0.109766 0.632227 0.130078 0.748047 0.267383 0.617383 0.247266 0.550195 0.240430 0.531250 0.235156 0.465234 0.121875
13 0.543359 0.241797 0.554102 0.263477 0.583789 0.272852 0.613477 0.275586 0.639062 0.284961 0.659180 0.298438 0.688867 0.306445 0.722461 0.326758 0.867969 0.344141 0.913867 0.346875 0.901758 0.317188 0.873437 0.294336 0.839648 0.280859 0.811328 0.272852 0.780469 0.268750 0.745508 0.268750 0.633594 0.250000 0.576953 0.244531
12 0.651172 0.299805 0.618750 0.298438 0.630859 0.321289 0.699609 0.403516 0.742773 0.418359 0.788477 0.438477 0.750781 0.364453 0.735938 0.342969 0.719922 0.328125 0.692969 0.311914 0.671289 0.305078
7 0.664648 0.361719 0.617383 0.431836 0.632227 0.468164 0.642969 0.505859 0.651172 0.544922 0.660547 0.625781 0.793945 0.635156 0.900391 0.632422 0.931250 0.631055 0.947461 0.616406 0.954297 0.583984 0.950195 0.563867 0.951562 0.499219 0.946094 0.456055 0.929883 0.384570 0.916406 0.349609 0.722461 0.330664 0.765625 0.391406 0.795312 0.445312 0.761523 0.427734 0.703711 0.404883 0.683398 0.382031
18 0.591797 0.469531 0.552734 0.486914 0.525781 0.540820 0.511133 0.641992 0.529883 0.745703 0.550195 0.783398 0.573047 0.796875 0.602734 0.791406 0.634961 0.757812 0.653906 0.695703 0.659180 0.662109 0.655078 0.559766 0.644336 0.504492 0.625586 0.483008
18 0.759375 0.694531 0.782227 0.701367 0.811328 0.696289 0.829492 0.681836 0.844141 0.657813 0.847852 0.635742 0.882617 0.635742 0.885742 0.670508 0.871289 0.715234 0.858594 0.744922 0.838477 0.762695 0.823828 0.765234 0.801172 0.762695 0.787891 0.755078 0.777148 0.742383 0.766406 0.722266 0.758789 0.695703
18 0.340234 0.642773 0.450195 0.654102 0.445117 0.688086 0.424805 0.715820 0.412305 0.722266 0.395117 0.724805 0.368750 0.723437 0.358008 0.712109 0.346680 0.676758 0.342773 0.644531
