2 0.146094 0.214844 0.208008 0.151562 0.272656 0.093750 0.295508 0.076172 0.322461 0.065430 0.379102 0.053320 0.436914 0.047852 0.540625 0.046484 0.605273 0.050586 0.585156 0.084180 0.567578 0.130078 0.529883 0.204102 0.504297 0.240430 0.173047 0.216211
15 0.956836 0.169141 0.960938 0.125977 0.998047 0.128906 0.998047 0.181641 0.963672 0.181250
16 0.377734 0.313281 0.360156 0.373828 0.357422 0.394141 0.338672 0.407617 0.325195 0.429102 0.313086 0.461328 0.302344 0.497852 0.298242 0.555664 0.288867 0.577344 0.259180 0.583984 0.222852 0.581250 0.181055 0.571875 0.109570 0.542188 0.078711 0.522070 0.057031 0.495117 0.032813 0.421094 0.026172 0.380664 0.020703 0.318555 0.027539 0.290430 0.036914 0.270117 0.016797 0.256641 0.007227 0.229687 0.039648 0.218945 0.109570 0.229687 0.133984 0.218945 0.268555 0.223047 0.439648 0.239063 0.505664 0.241797 0.477344 0.264844 0.485547 0.283594 0.458594 0.297070 0.427539 0.306445
1 0.509766 0.519336 0.532617 0.542188 0.555469 0.554297 0.581055 0.550391 0.648438 0.524805 0.668555 0.525977 0.648438 0.561133 0.633594 0.609570 0.622852 0.658008 0.618750 0.693164 0.620117 0.724023 0.614844 0.749609 0.616016 0.788672 0.544727 0.825000 0.426172 0.875000 0.362891 0.873633 0.321094 0.866797 0.306250 0.841211 0.251172 0.829102 0.108203 0.750977 0.065234 0.713281 0.044922 0.689063 0.028906 0.659375 0.017969 0.585352 0.005859 0.554297 0.005859 0.483008 0.012695 0.433203 0.036914 0.442578 0.061133 0.503125 0.089453 0.532813 0.193164 0.578516 0.228125 0.583984 0.264453 0.585352 0.284766 0.579883 0.304883 0.535547 0.370898 0.549023 0.408594 0.550391 0.450391 0.547656 0.480078 0.536914
6 0.404687 0.380664 0.447656 0.363086 0.486719 0.357617 0.500195 0.372461 0.492188 0.400781 0.492188 0.437109 0.509766 0.513867 0.439648 0.544922 0.401953 0.549023 0.364258 0.547656 0.303516 0.535547 0.315820 0.458789 0.326562 0.427734 0.349414 0.395313 0.384375 0.382031
5 0.668555 0.251367 0.725195 0.367188 0.766992 0.466797 0.783203 0.563867 0.838281 0.528711 0.866602 0.503125 0.865234 0.480273 0.886914 0.337500 0.888281 0.303906 0.847852 0.183984 0.820898 0.080273 0.799219 0.022266 0.789844 0.006055 0.732031 0.007422 0.700977 0.018164 0.682031 0.029102 0.663281 0.117969 0.657813 0.224414
11 0.792383 0.006250 0.822656 0.012695 0.877539 0.051172 0.927344 0.109766 0.962695 0.181836 0.971680 0.212109 0.970898 0.281641 0.965234 0.347266 0.951953 0.410352 0.866797 0.501172 0.866797 0.474023 0.890234 0.304297 0.852930 0.199414 0.832031 0.106055 0.812500 0.050586 0.791016 0.004492
18 0.691992 0.516406 0.701953 0.516992 0.717773 0.524609 0.731055 0.535937 0.739844 0.556836 0.745508 0.592187 0.744336 0.681250 0.738672 0.719141 0.714063 0.801758 0.696875 0.827734 0.678125 0.847266 0.658398 0.850977 0.637695 0.837109 0.622461 0.803125 0.617969 0.761328 0.630664 0.647070 0.649023 0.580273 0.669141 0.535352 0.683789 0.520898
18 0.952734 0.451953 0.967187 0.427344 0.972852 0.367383 0.985547 0.301758 0.991797 0.282813 0.999414 0.282227 0.999414 0.388867 0.995508 0.446875 0.983008 0.464648 0.969727 0.468359 0.952734 0.453320
4 0.013086 0.320508 0.023828 0.383398 0.040430 0.444727 0.008594 0.431250 0.000977 0.384180 0.000977 0.336523 0.011523 0.320508
