0 0.078125 0.673828 0.083984 0.730469 0.105469 0.742188 0.503906 0.771484 0.585938 0.728516 0.593750 0.669922 0.574219 0.695312 0.400391 0.660156 0.130859 0.666016 0.105469 0.638672
1 0.640625 0.333984 0.607422 0.310547 0.345703 0.322266 0.320312 0.335938 0.291016 0.390625 0.330078 0.410156 0.517578 0.404297 0.611328 0.417969 0.626953 0.431641 0.626953 0.353516
3 0.117188 0.445312 0.105469 0.451172 0.101562 0.484375 0.101562 0.576172 0.109375 0.583984 0.121094 0.580078 0.121094 0.447266
4 0.654297 0.314453 0.628906 0.353516 0.628906 0.435547 0.646484 0.443359 0.664062 0.421875 0.683594 0.458984 0.683594 0.544922 0.654297 0.507812 0.667969 0.603516 0.683594 0.589844 0.667969 0.679688 0.683594 0.689453 0.710938 0.525391 0.693359 0.486328 0.701172 0.408203 0.685547 0.337891
5 0.519531 0.449219 0.511719 0.466797 0.509766 0.591797 0.515625 0.599609 0.539062 0.599609 0.548828 0.595703 0.556641 0.576172 0.562500 0.468750 0.548828 0.451172
10 0.681641 0.322266 0.703125 0.408203 0.695312 0.486328 0.712891 0.523438 0.693359 0.638672 0.703125 0.677734 0.757812 0.648438 0.771484 0.552734 0.767578 0.492188 0.734375 0.441406 0.732422 0.382812 0.705078 0.333984
16 0.130859 0.423828 0.123047 0.580078 0.105469 0.583984 0.119141 0.656250 0.388672 0.656250 0.572266 0.689453 0.597656 0.662109 0.640625 0.529297 0.617188 0.445312 0.507812 0.416016
17 0.195312 0.763672 0.189453 0.769531 0.189453 0.785156 0.212891 0.853516 0.220703 0.859375 0.273438 0.853516 0.292969 0.824219 0.298828 0.800781 0.296875 0.783203 0.287109 0.775391 0.240234 0.771484 0.210938 0.761719
17 0.634766 0.638672 0.615234 0.640625 0.595703 0.734375 0.548828 0.785156 0.550781 0.839844 0.572266 0.884766 0.628906 0.884766 0.656250 0.841797 0.646484 0.660156
17 0.798828 0.593750 0.787109 0.617188 0.777344 0.673828 0.751953 0.707031 0.755859 0.738281 0.767578 0.746094 0.792969 0.744141 0.804688 0.728516 0.808594 0.628906
