8 0.457227 0.258008 0.503125 0.258008 0.684961 0.278125 0.634961 0.414258 0.616211 0.430469 0.585156 0.435742 0.531250 0.434375 0.379102 0.412891 0.325195 0.398047 0.310352 0.384570 0.431641 0.272852
14 0.679492 0.430469 0.742773 0.425000 0.749609 0.399414 0.738672 0.383203 0.697070 0.373828 0.687500 0.394141 0.683594 0.412891
18 0.586523 0.581250 0.622852 0.586719 0.645898 0.605469 0.660547 0.633789 0.666016 0.670117 0.667383 0.706641 0.659375 0.740234 0.636328 0.791406 0.614844 0.815625 0.590625 0.823828 0.554297 0.822461 0.521875 0.806250 0.515234 0.792773 0.529883 0.783398 0.529883 0.744336 0.538086 0.689063 0.556836 0.613672
13 0.600000 0.434375 0.606836 0.445312 0.601367 0.468164 0.543359 0.495117 0.435742 0.552930 0.395313 0.582617 0.340039 0.645898 0.253906 0.647266 0.193164 0.633789 0.155469 0.613672 0.128516 0.583984 0.127148 0.546289 0.131250 0.508594 0.159570 0.453320 0.206641 0.423633 0.307812 0.382031 0.327930 0.395313 0.373633 0.411523 0.433008 0.422266 0.539453 0.434375 0.575781 0.435742
10 0.521875 0.508594 0.525977 0.538281 0.515234 0.563867 0.493555 0.600195 0.482812 0.632422 0.450586 0.640625 0.418164 0.644531 0.342773 0.644531 0.379102 0.602930 0.419531 0.566406 0.472070 0.530078
7 0.488281 0.633789 0.558203 0.612305 0.533984 0.709180 0.528711 0.782031 0.419531 0.804883 0.365625 0.806250 0.298242 0.796875 0.225586 0.775195 0.158203 0.746875 0.105664 0.711914 0.099023 0.674219 0.099023 0.588086 0.109766 0.554297 0.127148 0.583984 0.159570 0.613672 0.190625 0.635156 0.236328 0.644531 0.295508 0.648633 0.442383 0.643164
12 0.127148 0.577344 0.111133 0.552930 0.115039 0.519336 0.128516 0.489648 0.147461 0.465430 0.132617 0.503125 0.129883 0.527344
15 0.340039 0.360352 0.329297 0.350977 0.329297 0.333398 0.352148 0.319922 0.362891 0.325391
9 0.666016 0.513867 0.658008 0.437109 0.667383 0.388672 0.682227 0.342969 0.697070 0.299805 0.717187 0.270117 0.756250 0.248633 0.768359 0.284961 0.788672 0.388672 0.799414 0.419727 0.802148 0.466797 0.799414 0.540820 0.803320 0.594727 0.671484 0.676953 0.668750 0.563867
3 0.867969 0.361719 0.882812 0.390039 0.884180 0.422266 0.858594 0.543555 0.850586 0.567773 0.807422 0.594727 0.800781 0.543555 0.803320 0.503125 0.800781 0.421094 0.791211 0.391406 0.783203 0.340234 0.763086 0.251367 0.788672 0.253906 0.833008 0.271484 0.849219 0.301172 0.859961 0.330664
4 0.921875 0.336133 0.915234 0.349609 0.919336 0.379297 0.938086 0.385937 0.932813 0.355078
