2 0.728516 0.316406 0.769531 0.476562 0.765625 0.654297 0.800781 0.662109 0.828125 0.605469 0.855469 0.416016 0.775391 0.328125
6 0.160156 0.595703 0.164062 0.683594 0.203125 0.716797 0.347656 0.732422 0.371094 0.712891 0.513672 0.712891 0.556641 0.589844 0.535156 0.572266 0.388672 0.583984 0.437500 0.515625 0.224609 0.513672 0.220703 0.578125 0.173828 0.574219
7 0.642578 0.330078 0.568359 0.322266 0.453125 0.335938 0.380859 0.390625 0.335938 0.447266 0.587891 0.443359
8 0.718750 0.316406 0.656250 0.333984 0.630859 0.421875 0.654297 0.529297 0.654297 0.669922 0.667969 0.681641 0.763672 0.656250 0.767578 0.476562
9 0.523438 0.501953 0.517578 0.496094 0.500000 0.496094 0.437500 0.517578 0.404297 0.546875 0.386719 0.580078 0.406250 0.583984 0.505859 0.570312 0.507812 0.542969
11 0.203125 0.507812 0.193359 0.511719 0.177734 0.533203 0.177734 0.544922 0.171875 0.562500 0.187500 0.572266 0.208984 0.574219 0.210938 0.570312 0.216797 0.570312 0.218750 0.574219 0.210938 0.554688 0.212891 0.517578 0.208984 0.509766
12 0.583984 0.445312 0.332031 0.449219 0.224609 0.486328 0.210938 0.503906 0.220703 0.513672 0.439453 0.513672 0.517578 0.494141
17 0.203125 0.732422 0.205078 0.755859 0.224609 0.789062 0.250000 0.804688 0.304688 0.806641 0.332031 0.779297 0.328125 0.753906 0.300781 0.736328 0.277344 0.736328 0.279297 0.751953 0.263672 0.755859 0.244141 0.734375 0.230469 0.738281
17 0.580078 0.599609 0.562500 0.603516 0.552734 0.621094 0.541016 0.683594 0.500000 0.783203 0.509766 0.818359 0.548828 0.843750 0.587891 0.841797 0.617188 0.824219 0.646484 0.740234 0.630859 0.644531 0.603516 0.609375
17 0.857422 0.583984 0.839844 0.591797 0.826172 0.666016 0.800781 0.722656 0.814453 0.761719 0.837891 0.771484 0.855469 0.771484 0.869141 0.761719 0.882812 0.712891 0.878906 0.619141 0.871094 0.595703
