2 0.748047 0.218750 0.755859 0.451172 0.738281 0.683594 0.771484 0.667969 0.804688 0.621094 0.820312 0.445312 0.794922 0.253906
6 0.117188 0.486328 0.103516 0.611328 0.191406 0.777344 0.363281 0.902344 0.404297 0.892578 0.490234 0.666016 0.292969 0.580078 0.234375 0.576172 0.171875 0.519531 0.162109 0.472656
7 0.367188 0.234375 0.441406 0.304688 0.599609 0.382812 0.640625 0.322266 0.679688 0.220703 0.675781 0.203125 0.482422 0.148438
8 0.734375 0.212891 0.697266 0.230469 0.642578 0.382812 0.605469 0.755859 0.730469 0.683594 0.753906 0.451172
9 0.361328 0.498047 0.314453 0.546875 0.298828 0.580078 0.349609 0.605469 0.363281 0.599609 0.359375 0.611328 0.367188 0.615234 0.394531 0.601562 0.417969 0.619141 0.417969 0.630859 0.437500 0.625000 0.464844 0.519531 0.412109 0.498047
12 0.158203 0.318359 0.166016 0.392578 0.207031 0.414062 0.210938 0.455078 0.255859 0.480469 0.287109 0.466797 0.357422 0.486328 0.587891 0.443359 0.591797 0.386719 0.441406 0.306641 0.367188 0.242188 0.220703 0.255859
16 0.863281 0.433594 0.851562 0.445312 0.843750 0.494141 0.828125 0.500000 0.841797 0.535156 0.826172 0.539062 0.826172 0.558594 0.845703 0.535156 0.869141 0.539062 0.876953 0.515625 0.892578 0.507812 0.896484 0.468750
17 0.875000 0.851562 0.867188 0.859375 0.867188 0.896484 0.884766 0.908203 0.878906 0.929688 0.892578 0.947266 0.884766 0.966797 0.880859 0.960938 0.871094 0.970703 0.855469 0.970703 0.849609 0.986328 0.857422 0.998047 0.939453 0.998047 0.939453 0.976562 0.910156 0.935547 0.886719 0.861328
17 0.541016 0.683594 0.507812 0.687500 0.478516 0.718750 0.423828 0.882812 0.380859 0.925781 0.398438 0.998047 0.525391 0.998047 0.568359 0.810547 0.564453 0.734375
17 0.847656 0.580078 0.828125 0.585938 0.810547 0.666016 0.781250 0.693359 0.783203 0.708984 0.802734 0.738281 0.820312 0.740234 0.853516 0.589844
