15 0.226758 0.267383 0.186328 0.264844 0.147266 0.251367 0.146094 0.231055 0.139258 0.228320 0.144727 0.204102 0.150000 0.202734 0.154102 0.187891 0.170313 0.175781 0.221484 0.175781 0.228125 0.190625 0.224219 0.235156 0.241602 0.233789
14 0.717187 0.247266 0.725195 0.239063 0.726562 0.223047 0.726562 0.201367 0.719922 0.181250 0.695508 0.174414 0.674023 0.175781 0.668555 0.181250 0.672656 0.197461 0.687500 0.229687
8 0.269922 0.062695 0.428906 0.056055 0.540625 0.061328 0.586523 0.066797 0.609375 0.100391 0.660547 0.196094 0.675391 0.214844 0.669922 0.237891 0.626953 0.232422 0.475977 0.229687 0.338672 0.236523 0.296875 0.248633 0.261914 0.243164 0.263281 0.136719 0.267188 0.092383
13 0.257812 0.252539 0.247070 0.291602 0.257812 0.309180 0.299609 0.349609 0.292773 0.373828 0.401953 0.387305 0.441016 0.396680 0.458594 0.385937 0.512305 0.380664 0.725195 0.373828 0.744141 0.382031 0.807422 0.358984 0.795312 0.333398 0.785742 0.303906 0.691602 0.239063 0.566211 0.232422 0.385742 0.231055 0.335938 0.237891 0.299609 0.247266
12 0.282031 0.384570 0.280664 0.449219 0.284766 0.464062 0.329297 0.484375 0.396484 0.497852 0.392578 0.470898 0.400586 0.438477 0.439648 0.399414 0.395117 0.385937 0.292773 0.372461
10 0.742773 0.390039 0.773633 0.433203 0.771094 0.478906 0.823633 0.445312 0.818164 0.390039 0.807422 0.363086 0.752148 0.377930
7 0.801953 0.344141 0.824805 0.360352 0.837109 0.421094 0.862695 0.503125 0.865234 0.544922 0.863867 0.609570 0.858594 0.644531 0.841016 0.676953 0.801953 0.714648 0.796680 0.732227 0.787109 0.734766 0.781836 0.757812 0.746680 0.772656 0.718555 0.796875 0.702344 0.791406 0.618750 0.798242 0.605273 0.808984 0.516406 0.815625 0.505664 0.810352 0.442383 0.818359 0.408594 0.816992 0.385742 0.814258 0.361523 0.806250 0.366992 0.788672 0.365625 0.768555 0.252344 0.720117 0.233594 0.702539 0.216016 0.623047 0.209375 0.565039 0.210742 0.522070 0.244336 0.524805 0.226758 0.427734 0.209375 0.392773 0.221484 0.309180 0.236328 0.287695 0.265820 0.313281 0.300977 0.356250 0.292773 0.375195 0.280664 0.384570 0.280664 0.460156 0.299609 0.473438 0.348047 0.491016 0.397852 0.501758 0.393945 0.478906 0.400586 0.439844 0.436914 0.404883 0.459766 0.390039 0.613477 0.377930 0.723828 0.376563 0.752148 0.399414 0.777734 0.435742 0.772266 0.484375 0.830273 0.442578 0.820898 0.410156 0.819531 0.392773 0.810156 0.368555
18 0.209375 0.537695 0.193164 0.591602 0.188672 0.664062 0.193164 0.896094 0.197852 0.932813 0.210547 0.970898 0.234570 0.983398 0.281641 0.981250 0.303516 0.942187 0.308203 0.881250 0.311523 0.753711 0.233398 0.703125 0.212695 0.619336 0.209375 0.567578
11 0.244727 0.052539 0.260156 0.063477 0.249414 0.220703 0.189258 0.456250 0.181250 0.538086 0.173047 0.519922 0.187500 0.285352 0.243945 0.058008
5 0.165625 0.491797 0.160156 0.270703 0.216602 0.080859 0.243945 0.052539 0.196680 0.233594 0.180273 0.346289 0.169336 0.490820
