13 0.493555 0.333398 0.493555 0.346875 0.481445 0.353711 0.428906 0.371094 0.428906 0.380664 0.362891 0.388672 0.274023 0.383203 0.267188 0.387305 0.259180 0.382031 0.267188 0.363086 0.334570 0.336133 0.358789 0.330664 0.389844 0.328125 0.472070 0.329492 0.478711 0.336133
18 0.484180 0.464062 0.505664 0.484375 0.516406 0.509961 0.517773 0.579883 0.511133 0.605469 0.497656 0.625781 0.469336 0.632422 0.450391 0.628516 0.434180 0.608203 0.428906 0.574609 0.428906 0.516602 0.442383 0.499219 0.454492 0.468164
14 0.532617 0.345508 0.575781 0.332031 0.573047 0.311914 0.564844 0.302539 0.541992 0.299805 0.529883 0.307812 0.527148 0.324023
8 0.424805 0.245898 0.505664 0.250000 0.536719 0.248633 0.519141 0.279492 0.509766 0.307812 0.500195 0.325391 0.488086 0.330664 0.387109 0.326758 0.349414 0.333398 0.389844 0.274219
10 0.358789 0.388672 0.377734 0.408789 0.372266 0.423633 0.424805 0.410156 0.438281 0.383203 0.383008 0.385937
7 0.434180 0.403516 0.449023 0.419727 0.465234 0.426367 0.426172 0.542188 0.384375 0.549023 0.313086 0.543555 0.287500 0.532813 0.260547 0.515234 0.245703 0.497852 0.240234 0.477539 0.238867 0.447852 0.240234 0.434375 0.249805 0.430469 0.247070 0.407617 0.263281 0.419727 0.264453 0.403516 0.276758 0.385937 0.356055 0.387305 0.380469 0.410156 0.373633 0.425000 0.403320 0.418359
9 0.583789 0.236523 0.547461 0.247266 0.536719 0.263477 0.517773 0.314648 0.525781 0.373828 0.533984 0.489648 0.614844 0.474805 0.612109 0.350977 0.593164 0.262109
3 0.617383 0.236523 0.651172 0.236523 0.668555 0.310547 0.678125 0.334766 0.682031 0.363086 0.680859 0.430469 0.678125 0.456055 0.672656 0.468164 0.629492 0.476172 0.616016 0.476172 0.614844 0.353711 0.594531 0.264844 0.583789 0.235156
17 0.686133 0.314648 0.718555 0.307812 0.785742 0.301172 0.795312 0.317188 0.784570 0.317188 0.787109 0.369727 0.799219 0.404883 0.798047 0.446680 0.773633 0.454688 0.768359 0.407617 0.760156 0.390039 0.741406 0.376563 0.729297 0.383203 0.715820 0.398047 0.698242 0.462695 0.679492 0.476172 0.686133 0.434375 0.686133 0.346875
4 0.795312 0.317188 0.784570 0.318555 0.787109 0.371094 0.793945 0.391406 0.798047 0.353711
