4 0.378906 0.466797 0.316406 0.472656 0.294922 0.511719 0.269531 0.619141 0.269531 0.750000 0.291016 0.792969 0.347656 0.791016 0.347656 0.626953
6 0.869141 0.720703 0.857422 0.707031 0.812500 0.712891 0.814453 0.658203 0.669922 0.666016 0.654297 0.699219 0.691406 0.720703 0.546875 0.716797 0.560547 0.828125 0.597656 0.861328 0.630859 0.851562 0.656250 0.871094 0.804688 0.857422 0.822266 0.824219 0.859375 0.812500
7 0.453125 0.478516 0.492188 0.587891 0.519531 0.580078 0.724609 0.589844 0.687500 0.527344 0.632812 0.480469 0.583984 0.472656
10 0.402344 0.464844 0.384766 0.468750 0.351562 0.611328 0.349609 0.791016 0.441406 0.802734 0.451172 0.789062 0.458984 0.560547 0.433594 0.486328
11 0.554688 0.650391 0.556641 0.689453 0.562500 0.701172 0.585938 0.710938 0.638672 0.712891 0.642578 0.708984 0.638672 0.691406 0.619141 0.662109 0.587891 0.650391
12 0.513672 0.587891 0.525391 0.617188 0.548828 0.634766 0.611328 0.648438 0.656250 0.681641 0.681641 0.660156 0.808594 0.656250 0.794922 0.628906 0.728516 0.591797
16 0.136719 0.585938 0.125000 0.683594 0.085938 0.720703 0.154297 0.785156 0.173828 0.699219 0.195312 0.681641 0.216797 0.708984 0.240234 0.791016 0.259766 0.796875 0.261719 0.599609
17 0.843750 0.828125 0.828125 0.833984 0.822266 0.853516 0.804688 0.869141 0.759766 0.865234 0.732422 0.876953 0.724609 0.892578 0.732422 0.914062 0.744141 0.925781 0.769531 0.933594 0.798828 0.933594 0.824219 0.921875 0.845703 0.876953
17 0.513672 0.736328 0.492188 0.746094 0.478516 0.765625 0.455078 0.884766 0.498047 0.929688 0.554688 0.935547 0.583984 0.914062 0.593750 0.865234 0.552734 0.832031 0.539062 0.750000
17 0.197266 0.728516 0.177734 0.742188 0.169922 0.849609 0.185547 0.904297 0.218750 0.912109 0.240234 0.902344 0.250000 0.857422 0.222656 0.794922 0.218750 0.746094 0.208984 0.730469
