0 0.384766 0.783203 0.396484 0.798828 0.466797 0.802734 0.484375 0.867188 0.505859 0.878906 0.652344 0.867188 0.675781 0.800781 0.710938 0.802734 0.708984 0.734375 0.779297 0.695312 0.554688 0.730469 0.509766 0.714844 0.492188 0.687500 0.443359 0.712891 0.382812 0.707031
0 0.984375 0.695312 0.957031 0.689453 0.949219 0.664062 0.947266 0.673828 0.902344 0.671875 0.843750 0.685547 0.925781 0.685547 0.931641 0.695312 0.923828 0.705078 0.894531 0.705078 0.878906 0.716797 0.894531 0.724609 0.927734 0.724609 0.960938 0.714844
1 0.314453 0.255859 0.314453 0.304688 0.353516 0.345703 0.363281 0.337891 0.546875 0.337891 0.542969 0.279297 0.519531 0.234375 0.347656 0.212891
2 0.207031 0.210938 0.197266 0.212891 0.169922 0.298828 0.162109 0.337891 0.166016 0.357422 0.201172 0.355469 0.212891 0.328125 0.230469 0.248047 0.222656 0.242188 0.220703 0.224609
3 0.474609 0.412109 0.468750 0.492188 0.478516 0.605469 0.496094 0.621094 0.546875 0.623047 0.546875 0.572266 0.531250 0.552734 0.535156 0.542969 0.523438 0.546875 0.515625 0.535156 0.523438 0.519531 0.535156 0.529297 0.544922 0.523438 0.548828 0.509766 0.517578 0.509766 0.501953 0.451172
8 0.195312 0.212891 0.162109 0.230469 0.115234 0.302734 0.070312 0.449219 0.083984 0.507812 0.099609 0.523438 0.117188 0.517578 0.123047 0.580078 0.148438 0.601562 0.134766 0.583984 0.128906 0.480469 0.148438 0.414062 0.179688 0.388672 0.160156 0.371094 0.160156 0.337891
10 0.173828 0.445312 0.154297 0.468750 0.134766 0.468750 0.130859 0.480469 0.136719 0.583984 0.164062 0.611328 0.177734 0.609375 0.181641 0.550781 0.189453 0.531250
13 0.060547 0.314453 0.054688 0.322266 0.046875 0.359375 0.048828 0.363281 0.070312 0.375000 0.087891 0.355469 0.091797 0.328125 0.089844 0.322266 0.082031 0.316406
16 0.187500 0.388672 0.232422 0.652344 0.300781 0.537109 0.384766 0.703125 0.607422 0.716797 0.931641 0.671875 0.994141 0.560547 0.994141 0.429688 0.951172 0.386719 0.472656 0.345703
17 0.302734 0.617188 0.281250 0.630859 0.263672 0.687500 0.269531 0.867188 0.294922 0.933594 0.355469 0.955078 0.402344 0.927734 0.414062 0.857422 0.375000 0.814453 0.367188 0.732422 0.333984 0.625000
17 0.046875 0.484375 0.039062 0.490234 0.035156 0.621094 0.044922 0.648438 0.078125 0.658203 0.091797 0.648438 0.097656 0.634766 0.097656 0.607422 0.070312 0.574219 0.056641 0.498047
