14 0.618945 0.464062 0.656641 0.469531 0.687500 0.462695 0.692969 0.434375 0.683594 0.414258 0.649805 0.402148 0.632422 0.410156 0.625586 0.431836
8 0.383203 0.313281 0.515234 0.306445 0.624219 0.316016 0.578516 0.434375 0.547461 0.447852 0.422266 0.443945 0.260547 0.445312 0.288867 0.400781 0.349414 0.338867
10 0.358984 0.575977 0.365625 0.597461 0.494922 0.588086 0.484180 0.566406 0.501758 0.507227 0.461328 0.515234 0.415430 0.531445
12 0.059961 0.574609 0.088086 0.582617 0.090820 0.551562 0.117773 0.503125 0.099023 0.499219 0.075977 0.524805
18 0.544727 0.583984 0.573047 0.598828 0.597266 0.640625 0.610742 0.681055 0.612109 0.713281 0.609375 0.764453 0.601367 0.806250 0.571680 0.841211 0.540820 0.853320 0.496289 0.849414 0.465234 0.834570 0.434375 0.800781 0.462695 0.798242 0.488281 0.783398 0.500391 0.755078 0.512500 0.625781 0.520508 0.601562
13 0.546094 0.451953 0.533984 0.473438 0.442383 0.493750 0.401953 0.507227 0.345508 0.513867 0.187891 0.512500 0.113672 0.501758 0.135352 0.473438 0.171680 0.451953 0.212109 0.443945 0.470703 0.446680
15 0.225586 0.435742 0.221484 0.414258 0.266016 0.394141 0.259180 0.414258
4 0.939453 0.476172 0.909766 0.476172 0.909766 0.492383 0.938086 0.525977 0.939453 0.552930 0.951562 0.552930 0.952930 0.516602
9 0.707812 0.301172 0.672656 0.309180 0.643164 0.342969 0.620313 0.391406 0.600000 0.443945 0.618945 0.613672 0.617578 0.697070 0.620313 0.738867 0.675391 0.737500 0.757617 0.726758 0.761719 0.668750 0.753516 0.565039 0.754883 0.492383 0.736133 0.418359 0.722656 0.342969
3 0.763086 0.319922 0.798047 0.341602 0.857227 0.408789 0.873437 0.522070 0.874805 0.566406 0.862695 0.594727 0.853320 0.628516 0.837109 0.702539 0.826367 0.721289 0.758984 0.728125 0.761719 0.637891 0.754883 0.551562 0.758984 0.504492 0.744141 0.443945 0.730664 0.363086 0.714453 0.301172
7 0.056250 0.590234 0.085938 0.595898 0.116797 0.505078 0.235547 0.517773 0.400977 0.510156 0.426172 0.519531 0.359766 0.559375 0.358594 0.598437 0.392773 0.600977 0.472266 0.599023 0.527148 0.582617 0.509375 0.621289 0.494922 0.761328 0.476562 0.777148 0.378711 0.774609 0.277148 0.779102 0.154102 0.766406 0.048633 0.751172 0.043555 0.705859 0.053711 0.647656 0.055469 0.592187
