10 0.147266 0.549023 0.185156 0.550391 0.229492 0.547656 0.287500 0.505859 0.314453 0.477539 0.174219 0.507227
14 0.470703 0.438477 0.517773 0.430469 0.527148 0.412891 0.517773 0.382031 0.492188 0.379297 0.473242 0.383203 0.465234 0.403516
18 0.372266 0.629687 0.393945 0.636523 0.418164 0.662109 0.438281 0.764453 0.431641 0.812891 0.416797 0.851953 0.401953 0.880273 0.361523 0.893750 0.313086 0.878906 0.294141 0.839844 0.290234 0.782031 0.294141 0.741602 0.306250 0.698438 0.319727 0.664844 0.342578 0.639258
13 0.412695 0.416992 0.373633 0.456055 0.335938 0.468164 0.155469 0.501758 0.120508 0.497852 0.088086 0.489648 0.108203 0.461328 0.189062 0.430469 0.228125 0.425000 0.275391 0.410156 0.310352 0.408789 0.369531 0.418359
7 0.245703 0.535547 0.275391 0.561133 0.314453 0.602930 0.294141 0.640625 0.283398 0.671484 0.277930 0.714648 0.268555 0.745703 0.199805 0.745703 0.108203 0.728125 0.088086 0.703906 0.071875 0.672852 0.063867 0.612305 0.070508 0.601562 0.065234 0.575977 0.067969 0.549023 0.089453 0.492383 0.152734 0.500391 0.174219 0.500391 0.316992 0.474805 0.267188 0.488281 0.174219 0.505859 0.143359 0.550391 0.233594 0.547656
9 0.449023 0.489648 0.447656 0.433203 0.454492 0.396680 0.475977 0.352344 0.498828 0.316016 0.527148 0.283594 0.601367 0.266016 0.618750 0.264844 0.625586 0.318555 0.629492 0.416992 0.640430 0.485742 0.640430 0.690430 0.598633 0.691797 0.463867 0.705273 0.453125 0.594727 0.453125 0.505859
4 0.938086 0.410156 0.896289 0.408789 0.889453 0.422266 0.940820 0.469531 0.946094 0.442578
3 0.729297 0.267383 0.775000 0.325391 0.796680 0.361719 0.811328 0.398047 0.818164 0.433203 0.820898 0.523438 0.791211 0.544922 0.776367 0.575977 0.762891 0.618945 0.758984 0.652734 0.750781 0.678320 0.719922 0.683594 0.642969 0.687695 0.639062 0.606836 0.637695 0.462695 0.630859 0.426367 0.628320 0.390039 0.628320 0.262109 0.664648 0.260742
8 0.416797 0.278125 0.442383 0.276953 0.511133 0.282227 0.480078 0.321289 0.419531 0.412891 0.377734 0.419727 0.292773 0.408789 0.322461 0.376563 0.376367 0.309180
2 0.888281 0.295703 0.858594 0.282227 0.801953 0.278125 0.744141 0.278125 0.758984 0.303906 0.793945 0.349609 0.804688 0.371094 0.884180 0.369727 0.920508 0.376563 0.900391 0.322656
