4 0.203125 0.160156 0.130859 0.236328 0.080078 0.386719 0.080078 0.527344 0.093750 0.583984 0.113281 0.599609 0.115234 0.417969 0.138672 0.287109
6 0.994141 0.544922 0.916016 0.539062 0.904297 0.460938 0.841797 0.468750 0.902344 0.480469 0.861328 0.496094 0.904297 0.509766 0.859375 0.525391 0.892578 0.550781 0.373047 0.552734 0.353516 0.585938 0.394531 0.814453 0.597656 0.847656 0.867188 0.785156 0.992188 0.681641
6 0.619141 0.414062 0.658203 0.517578 0.654297 0.445312 0.740234 0.441406 0.796875 0.464844 0.818359 0.462891 0.820312 0.447266 0.900391 0.443359 0.675781 0.437500 0.785156 0.417969
7 0.263672 0.162109 0.265625 0.230469 0.300781 0.296875 0.355469 0.287109 0.353516 0.308594 0.371094 0.308594 0.369141 0.275391 0.376953 0.294922 0.691406 0.314453 0.548828 0.183594 0.300781 0.144531
9 0.923828 0.406250 0.908203 0.417969 0.904297 0.443359 0.914062 0.490234 0.916016 0.537109 0.935547 0.537109 0.968750 0.525391 0.968750 0.484375 0.960938 0.451172 0.937500 0.412109
10 0.226562 0.152344 0.173828 0.203125 0.117188 0.417969 0.125000 0.599609 0.208984 0.650391 0.246094 0.203125
11 0.417969 0.396484 0.412109 0.421875 0.435547 0.552734 0.636719 0.550781 0.644531 0.517578 0.603516 0.412109 0.537109 0.388672 0.437500 0.378906
12 0.652344 0.527344 0.660156 0.548828 0.693359 0.562500 0.826172 0.556641 0.849609 0.548828 0.826172 0.539062 0.878906 0.517578 0.841797 0.500000 0.896484 0.488281 0.789062 0.480469 0.783203 0.462891 0.669922 0.453125 0.654297 0.464844 0.666016 0.509766
12 0.410156 0.300781 0.439453 0.306641 0.419922 0.308594 0.427734 0.339844 0.468750 0.373047 0.615234 0.412109 0.789062 0.416016 0.677734 0.435547 0.882812 0.441406 0.839844 0.419922 0.925781 0.402344 0.726562 0.328125
17 0.062500 0.566406 0.048828 0.599609 0.048828 0.669922 0.058594 0.712891 0.083984 0.722656 0.105469 0.710938 0.109375 0.681641 0.076172 0.583984
17 0.287109 0.560547 0.234375 0.687500 0.253906 0.750000 0.242188 0.869141 0.285156 0.951172 0.322266 0.984375 0.355469 0.988281 0.408203 0.966797 0.480469 0.884766 0.390625 0.822266 0.333984 0.580078
