15 0.420703 0.408984 0.418359 0.382617 0.442383 0.371094 0.453906 0.372266 0.455078 0.381445 0.437891 0.398633
14 0.765234 0.403320 0.810156 0.396289 0.819336 0.376758 0.818164 0.359570 0.800977 0.353906 0.774414 0.351562 0.765234 0.371094 0.765234 0.383789 0.757227 0.383789
8 0.528516 0.299805 0.568750 0.290625 0.632031 0.283789 0.719336 0.280273 0.752734 0.282617 0.736523 0.375781 0.727344 0.385937 0.448242 0.398633 0.508984 0.318164
10 0.630859 0.468750 0.672266 0.441211 0.700977 0.433203 0.696289 0.454883 0.697461 0.474414 0.705469 0.493945 0.614844 0.503125 0.605664 0.493945
12 0.344727 0.510156 0.379297 0.515820 0.381641 0.488281 0.375781 0.473438 0.378125 0.445703 0.363086 0.451562 0.350586 0.465234 0.344727 0.480273
13 0.722852 0.384961 0.719336 0.404492 0.652734 0.425000 0.634375 0.434375 0.453906 0.448047 0.386133 0.446875 0.386133 0.434375 0.395313 0.424023 0.443555 0.400977 0.674609 0.388281
7 0.636523 0.430859 0.652734 0.448047 0.628516 0.465234 0.603320 0.490625 0.607812 0.506641 0.716992 0.495117 0.707812 0.622656 0.691797 0.652539 0.553906 0.662891 0.443555 0.664062 0.350586 0.668750 0.342578 0.641016 0.334375 0.572070 0.340234 0.511328 0.383789 0.519336 0.383789 0.491797 0.378125 0.474414 0.380469 0.445703 0.461914 0.449219 0.611328 0.434375
18 0.722852 0.495117 0.749219 0.503125 0.772266 0.549219 0.776758 0.622656 0.761914 0.681250 0.749219 0.700781 0.692969 0.700781 0.680273 0.692773 0.664258 0.662891 0.690625 0.653711 0.707812 0.629687 0.712500 0.591602 0.713672 0.543359
9 0.799805 0.274023 0.834570 0.390820 0.852344 0.465820 0.857227 0.545508 0.845898 0.611133 0.780859 0.616211 0.761328 0.423633 0.752539 0.365625 0.761328 0.303711 0.768945 0.282813 0.794141 0.274609
3 0.803125 0.275195 0.839648 0.290430 0.878711 0.337109 0.901563 0.380078 0.910937 0.436914 0.909180 0.486133 0.893359 0.568750 0.879492 0.606641 0.848437 0.609180 0.859766 0.539844 0.852344 0.448828 0.801758 0.275195
18 0.874414 0.647656 0.901563 0.633203 0.900195 0.560547 0.906641 0.517773 0.921680 0.507617 0.937500 0.553125 0.943164 0.614258 0.931836 0.680469 0.924219 0.696875 0.878125 0.691211 0.869922 0.670508 0.869336 0.649023
