2 0.740234 0.447266 0.783203 0.634766 0.773438 0.779297 0.791016 0.783203 0.804688 0.765625 0.820312 0.689453 0.816406 0.546875 0.787109 0.482422
6 0.253906 0.693359 0.253906 0.802734 0.271484 0.835938 0.294922 0.824219 0.314453 0.845703 0.492188 0.855469 0.605469 0.824219 0.632812 0.697266 0.609375 0.677734 0.511719 0.687500 0.523438 0.626953 0.316406 0.628906 0.308594 0.681641
7 0.679688 0.455078 0.597656 0.447266 0.472656 0.464844 0.390625 0.556641 0.652344 0.552734 0.669922 0.529297
8 0.712891 0.439453 0.693359 0.455078 0.685547 0.525391 0.699219 0.607422 0.699219 0.792969 0.771484 0.779297 0.779297 0.621094 0.738281 0.447266
9 0.611328 0.617188 0.605469 0.611328 0.564453 0.613281 0.529297 0.628906 0.507812 0.681641 0.515625 0.685547 0.607422 0.677734 0.613281 0.640625
11 0.289062 0.623047 0.273438 0.628906 0.269531 0.634766 0.263672 0.660156 0.263672 0.675781 0.269531 0.681641 0.296875 0.685547 0.302734 0.681641 0.300781 0.679688 0.300781 0.628906
12 0.646484 0.556641 0.544922 0.550781 0.398438 0.560547 0.335938 0.591797 0.314453 0.621094 0.531250 0.625000 0.599609 0.607422
12 0.835938 0.191406 0.863281 0.195312 0.871094 0.216797 0.921875 0.205078 0.884766 0.228516 0.884766 0.236328 0.931641 0.246094 0.972656 0.232422 0.960938 0.208984 0.935547 0.199219 0.900391 0.197266 0.896484 0.183594 0.841797 0.185547
16 0.902344 0.578125 0.849609 0.580078 0.835938 0.585938 0.832031 0.593750 0.832031 0.662109 0.847656 0.673828 0.865234 0.710938 0.882812 0.697266 0.886719 0.675781 0.914062 0.634766
17 0.283203 0.841797 0.275391 0.859375 0.279297 0.886719 0.294922 0.923828 0.322266 0.937500 0.353516 0.931641 0.371094 0.908203 0.376953 0.865234 0.369141 0.857422 0.326172 0.855469 0.292969 0.837891
17 0.654297 0.736328 0.628906 0.757812 0.623047 0.818359 0.589844 0.890625 0.599609 0.937500 0.621094 0.949219 0.656250 0.941406 0.675781 0.898438 0.675781 0.763672
17 0.835938 0.703125 0.820312 0.732422 0.808594 0.820312 0.785156 0.845703 0.791016 0.880859 0.812500 0.898438 0.839844 0.890625 0.849609 0.855469 0.847656 0.742188
