6 0.750000 0.628906 0.638672 0.648438 0.664062 0.574219 0.345703 0.582031 0.363281 0.630859 0.513672 0.607422 0.544922 0.664062 0.251953 0.640625 0.251953 0.791016 0.375000 0.845703 0.429688 0.824219 0.656250 0.867188 0.667969 0.816406 0.750000 0.794922
7 0.292969 0.441406 0.294922 0.464844 0.703125 0.462891 0.667969 0.316406 0.580078 0.296875 0.337891 0.310547
9 0.736328 0.556641 0.722656 0.550781 0.712891 0.558594 0.669922 0.570312 0.648438 0.613281 0.640625 0.644531 0.744141 0.634766 0.750000 0.611328
11 0.257812 0.558594 0.250000 0.617188 0.259766 0.634766 0.353516 0.644531 0.347656 0.609375 0.326172 0.572266 0.283203 0.556641 0.261719 0.554688
12 0.541016 0.634766 0.517578 0.619141 0.482422 0.636719 0.468750 0.626953 0.359375 0.628906 0.382812 0.660156 0.529297 0.669922 0.533203 0.660156 0.435547 0.662109 0.410156 0.636719 0.466797 0.638672 0.500000 0.652344
12 0.279297 0.484375 0.283203 0.546875 0.357422 0.585938 0.630859 0.578125 0.718750 0.548828 0.703125 0.468750 0.294922 0.466797
13 0.777344 0.416016 0.744141 0.414062 0.734375 0.417969 0.722656 0.449219 0.724609 0.478516 0.738281 0.480469 0.779297 0.470703 0.787109 0.464844 0.787109 0.435547
14 0.222656 0.414062 0.214844 0.433594 0.216797 0.462891 0.230469 0.470703 0.253906 0.476562 0.269531 0.476562 0.271484 0.441406 0.265625 0.417969 0.257812 0.412109
17 0.740234 0.826172 0.732422 0.826172 0.689453 0.859375 0.675781 0.886719 0.675781 0.935547 0.693359 0.955078 0.734375 0.957031 0.748047 0.945312 0.750000 0.855469 0.748047 0.837891
17 0.246094 0.798828 0.240234 0.810547 0.242188 0.935547 0.248047 0.945312 0.263672 0.951172 0.292969 0.949219 0.308594 0.939453 0.314453 0.925781 0.312500 0.845703 0.302734 0.828125 0.265625 0.814453
