10 0.492188 0.483008 0.555469 0.476172 0.568945 0.480273 0.571680 0.505859 0.541992 0.581250 0.524609 0.596094 0.489453 0.605469 0.412695 0.615039 0.397852 0.604102 0.409961 0.567773 0.428906 0.530078 0.454492 0.503125
14 0.695508 0.363086 0.734570 0.363086 0.758984 0.355078 0.765625 0.324023 0.762891 0.302539 0.735938 0.292969 0.708984 0.291602 0.690234 0.301172 0.683398 0.332031 0.675391 0.338867
13 0.586523 0.369727 0.587891 0.384570 0.575781 0.404883 0.519141 0.469531 0.512305 0.483008 0.492188 0.483008 0.449023 0.511328 0.424805 0.505859 0.373633 0.505859 0.198633 0.466797 0.164844 0.456055 0.129883 0.438477 0.140625 0.422266 0.137891 0.398047 0.164844 0.367188 0.230859 0.319922 0.443750 0.358984 0.563672 0.372461
15 0.260547 0.283594 0.256445 0.262109 0.260547 0.245898 0.284766 0.244531 0.290234 0.248633
8 0.415430 0.128711 0.458594 0.125977 0.548828 0.127344 0.669922 0.140820 0.655078 0.177148 0.648438 0.214844 0.632227 0.259375 0.610742 0.337500 0.600000 0.358984 0.586523 0.367188 0.547461 0.369727 0.501563 0.365820 0.276758 0.332031 0.238867 0.321289 0.265820 0.283594 0.323828 0.214844 0.381641 0.154297
7 0.543359 0.586719 0.598633 0.597461 0.575781 0.637891 0.564844 0.701172 0.550195 0.846680 0.513672 0.878906 0.477344 0.896484 0.416797 0.897852 0.296875 0.877539 0.229492 0.857422 0.182422 0.834570 0.107031 0.787305 0.081445 0.757812 0.069141 0.732227 0.059766 0.675586 0.066602 0.640625 0.069141 0.544922 0.080078 0.511328 0.092188 0.492383 0.100195 0.509961 0.102930 0.473438 0.124414 0.438477 0.210742 0.469531 0.338672 0.497852 0.380469 0.511328 0.424805 0.505859 0.445117 0.512500 0.414062 0.557031 0.399219 0.602930 0.406055 0.613672 0.473242 0.610938 0.523242 0.598828
18 0.628320 0.601562 0.648438 0.631055 0.656445 0.667578 0.659180 0.707812 0.656445 0.772656 0.637695 0.838477 0.620117 0.864062 0.601367 0.870898 0.574414 0.857422 0.555469 0.819727 0.562305 0.730859 0.574414 0.660742 0.591797 0.605469
9 0.747461 0.115625 0.760742 0.147070 0.780859 0.224805 0.804883 0.378125 0.812500 0.538477 0.686328 0.661523 0.679883 0.481641 0.674219 0.418555 0.649023 0.291016 0.666016 0.215820 0.693750 0.149023 0.722852 0.124414 0.745508 0.115625
3 0.751953 0.115625 0.780859 0.114258 0.812500 0.124414 0.839648 0.166016 0.866211 0.227930 0.882031 0.292383 0.880664 0.319531 0.856641 0.455859 0.842773 0.501953 0.813672 0.537305 0.804297 0.364844 0.792969 0.285938 0.780859 0.217773 0.765820 0.155859 0.749414 0.114258
18 0.852930 0.509375 0.862305 0.467773 0.872461 0.399023 0.880664 0.391406 0.890820 0.404687 0.895898 0.436328 0.894531 0.478516 0.890234 0.525195 0.880664 0.559375 0.868750 0.568750 0.859180 0.560547 0.850977 0.542969 0.850391 0.516992
12 0.130664 0.396484 0.135156 0.419727 0.108594 0.458398 0.100391 0.487305 0.099805 0.503711 0.092773 0.494336 0.098437 0.450195 0.109766 0.423047 0.130078 0.398438
