1 0.707031 0.210938 0.679688 0.195312 0.541016 0.205078 0.498047 0.275391 0.505859 0.294922 0.500000 0.332031 0.521484 0.349609 0.550781 0.355469 0.675781 0.345703 0.708984 0.234375
6 0.144531 0.560547 0.144531 0.748047 0.193359 0.814453 0.261719 0.771484 0.820312 0.826172 0.853516 0.761719 0.849609 0.560547 0.679688 0.593750 0.667969 0.480469 0.312500 0.470703 0.291016 0.498047 0.259766 0.468750 0.296875 0.583984
7 0.736328 0.269531 0.728516 0.269531 0.718750 0.285156 0.722656 0.314453 0.705078 0.322266 0.699219 0.355469 0.720703 0.363281 0.687500 0.373047 0.751953 0.373047 0.769531 0.365234 0.765625 0.312500 0.757812 0.292969
7 0.527344 0.197266 0.447266 0.203125 0.373047 0.191406 0.339844 0.203125 0.281250 0.296875 0.265625 0.353516 0.472656 0.351562 0.486328 0.302734 0.476562 0.273438 0.505859 0.232422 0.505859 0.208984
9 0.835938 0.453125 0.810547 0.445312 0.775391 0.457031 0.720703 0.503906 0.707031 0.490234 0.675781 0.486328 0.664062 0.509766 0.699219 0.521484 0.675781 0.587891 0.695312 0.591797 0.839844 0.564453 0.853516 0.529297
11 0.189453 0.433594 0.160156 0.494141 0.158203 0.548828 0.171875 0.558594 0.291016 0.576172 0.294922 0.568359 0.283203 0.533203 0.255859 0.486328 0.199219 0.431641
12 0.205078 0.416016 0.248047 0.464844 0.712891 0.484375 0.808594 0.439453 0.783203 0.375000 0.658203 0.378906 0.576172 0.412109 0.443359 0.349609 0.251953 0.359375
13 0.855469 0.300781 0.826172 0.298828 0.816406 0.300781 0.808594 0.308594 0.804688 0.365234 0.812500 0.380859 0.847656 0.375000 0.873047 0.351562 0.873047 0.330078
14 0.210938 0.289062 0.193359 0.304688 0.187500 0.339844 0.193359 0.353516 0.201172 0.361328 0.228516 0.367188 0.236328 0.361328 0.242188 0.345703 0.248047 0.300781 0.240234 0.291016
17 0.853516 0.798828 0.835938 0.830078 0.783203 0.841797 0.753906 0.857422 0.750000 0.869141 0.761719 0.908203 0.779297 0.916016 0.851562 0.917969
17 0.150391 0.791016 0.150391 0.873047 0.226562 0.882812 0.236328 0.947266 0.253906 0.949219 0.261719 0.908203 0.253906 0.863281 0.269531 0.794922 0.261719 0.789062 0.242188 0.822266 0.224609 0.828125 0.185547 0.822266
