4 0.326172 0.267578 0.291016 0.269531 0.275391 0.285156 0.240234 0.431641 0.244141 0.646484 0.294922 0.644531 0.300781 0.474609 0.337891 0.279297
6 0.478516 0.542969 0.453125 0.603516 0.470703 0.703125 0.513672 0.755859 0.695312 0.753906 0.726562 0.779297 0.796875 0.712891 0.789062 0.558594 0.748047 0.566406 0.763672 0.505859 0.570312 0.494141 0.580078 0.566406
7 0.400391 0.285156 0.419922 0.398438 0.433594 0.412109 0.673828 0.423828 0.617188 0.316406 0.593750 0.292969 0.455078 0.277344
10 0.343750 0.271484 0.302734 0.474609 0.296875 0.650391 0.367188 0.673828 0.396484 0.345703 0.384766 0.285156
11 0.474609 0.478516 0.474609 0.515625 0.496094 0.541016 0.531250 0.556641 0.580078 0.562500 0.576172 0.535156 0.562500 0.500000 0.515625 0.490234 0.484375 0.476562
12 0.441406 0.419922 0.511719 0.482422 0.587891 0.496094 0.769531 0.498047 0.736328 0.460938 0.675781 0.431641
16 0.191406 0.437500 0.173828 0.445312 0.166016 0.441406 0.154297 0.453125 0.154297 0.468750 0.142578 0.486328 0.140625 0.566406 0.152344 0.595703 0.162109 0.580078 0.169922 0.533203 0.183594 0.513672 0.199219 0.515625 0.212891 0.533203 0.220703 0.529297 0.226562 0.500000 0.220703 0.451172 0.208984 0.451172
17 0.773438 0.757812 0.763672 0.755859 0.724609 0.798828 0.671875 0.792969 0.666016 0.796875 0.666016 0.804688 0.679688 0.822266 0.699219 0.820312 0.736328 0.830078 0.750000 0.828125 0.769531 0.796875
17 0.423828 0.599609 0.394531 0.640625 0.384766 0.773438 0.410156 0.833984 0.468750 0.841797 0.496094 0.818359 0.505859 0.765625 0.466797 0.710938 0.449219 0.605469
17 0.189453 0.566406 0.169922 0.626953 0.169922 0.683594 0.179688 0.755859 0.195312 0.769531 0.210938 0.769531 0.232422 0.753906 0.238281 0.712891 0.218750 0.667969 0.207031 0.576172
