0 0.902344 0.611328 0.861328 0.681641 0.564453 0.724609 0.494141 0.642578 0.378906 0.613281 0.378906 0.662109 0.326172 0.662109 0.357422 0.880859 0.425781 0.921875 0.541016 0.916016 0.898438 0.828125 0.923828 0.761719
1 0.855469 0.369141 0.796875 0.273438 0.695312 0.216797 0.580078 0.246094 0.527344 0.285156 0.501953 0.347656 0.460938 0.378906 0.740234 0.398438 0.845703 0.388672
2 0.292969 0.248047 0.265625 0.250000 0.285156 0.259766 0.267578 0.277344 0.261719 0.257812 0.189453 0.474609 0.187500 0.634766 0.218750 0.716797 0.238281 0.689453 0.304688 0.285156
3 0.394531 0.443359 0.380859 0.494141 0.373047 0.601562 0.433594 0.626953 0.507812 0.636719 0.466797 0.466797 0.437500 0.449219
4 0.564453 0.195312 0.515625 0.189453 0.500000 0.199219 0.498047 0.214844 0.476562 0.197266 0.445312 0.195312 0.435547 0.203125 0.433594 0.214844 0.445312 0.230469 0.439453 0.259766 0.457031 0.314453 0.466797 0.279297 0.462891 0.261719 0.474609 0.248047 0.470703 0.234375 0.494141 0.218750 0.515625 0.226562 0.578125 0.214844 0.564453 0.207031
5 0.888672 0.439453 0.880859 0.439453 0.875000 0.458984 0.861328 0.603516 0.896484 0.591797 0.902344 0.574219 0.904297 0.488281 0.896484 0.451172
8 0.248047 0.265625 0.195312 0.335938 0.130859 0.507812 0.142578 0.675781 0.193359 0.714844 0.183594 0.503906
15 0.855469 0.558594 0.777344 0.494141 0.736328 0.494141 0.716797 0.445312 0.693359 0.455078 0.689453 0.488281 0.654297 0.468750 0.603516 0.503906 0.574219 0.550781 0.509766 0.558594 0.474609 0.476562 0.527344 0.685547 0.560547 0.716797 0.816406 0.673828 0.855469 0.603516
15 0.623047 0.402344 0.679688 0.406250 0.660156 0.427734 0.664062 0.443359 0.720703 0.435547 0.748047 0.443359 0.759766 0.404297 0.855469 0.398438 0.697266 0.402344 0.681641 0.394531
16 0.859375 0.585938 0.855469 0.607422 0.828125 0.636719 0.837891 0.658203 0.816406 0.675781 0.761719 0.697266 0.814453 0.689453 0.833984 0.671875 0.863281 0.675781 0.865234 0.662109 0.855469 0.656250 0.863281 0.642578
16 0.455078 0.406250 0.509766 0.556641 0.582031 0.544922 0.654297 0.466797 0.689453 0.486328 0.691406 0.455078 0.716797 0.443359 0.736328 0.492188 0.806641 0.509766 0.863281 0.576172 0.876953 0.433594 0.857422 0.408203 0.767578 0.404297 0.748047 0.445312 0.664062 0.445312 0.669922 0.406250
17 0.820312 0.857422 0.744141 0.869141 0.712891 0.894531 0.677734 0.888672 0.666016 0.902344 0.687500 0.941406 0.718750 0.970703 0.759766 0.972656 0.789062 0.955078 0.802734 0.937500 0.818359 0.892578
17 0.275391 0.695312 0.259766 0.724609 0.236328 0.902344 0.275391 0.998047 0.378906 0.998047 0.394531 0.917969 0.339844 0.875000 0.316406 0.738281 0.300781 0.701172
17 0.103516 0.560547 0.111328 0.769531 0.119141 0.783203 0.144531 0.789062 0.160156 0.777344 0.166016 0.750000 0.136719 0.730469 0.128906 0.710938 0.121094 0.597656
