1 0.482422 0.205078 0.474609 0.212891 0.484375 0.244141 0.482422 0.259766 0.513672 0.267578 0.548828 0.312500 0.566406 0.308594 0.570312 0.265625 0.542969 0.259766 0.574219 0.242188 0.566406 0.228516 0.570312 0.210938 0.550781 0.199219 0.531250 0.197266
6 0.103516 0.611328 0.126953 0.876953 0.773438 0.904297 0.888672 0.857422 0.859375 0.568359 0.714844 0.593750 0.720703 0.552734 0.599609 0.531250 0.609375 0.488281 0.281250 0.488281 0.267578 0.595703 0.125000 0.574219
7 0.597656 0.228516 0.605469 0.253906 0.566406 0.341797 0.742188 0.361328 0.757812 0.376953 0.791016 0.376953 0.777344 0.316406 0.724609 0.226562 0.671875 0.210938 0.660156 0.222656
7 0.455078 0.212891 0.396484 0.199219 0.279297 0.214844 0.250000 0.257812 0.224609 0.349609 0.248047 0.361328 0.275391 0.349609 0.478516 0.341797
9 0.841797 0.498047 0.812500 0.496094 0.794922 0.513672 0.771484 0.519531 0.738281 0.541016 0.712891 0.566406 0.708984 0.587891 0.763672 0.601562 0.785156 0.599609 0.851562 0.574219 0.861328 0.544922
11 0.144531 0.458984 0.128906 0.496094 0.128906 0.542969 0.148438 0.572266 0.212891 0.599609 0.261719 0.589844 0.269531 0.564453 0.228516 0.513672 0.208984 0.509766 0.171875 0.470703
12 0.839844 0.457031 0.791016 0.378906 0.609375 0.343750 0.275391 0.351562 0.175781 0.410156 0.232422 0.458984 0.224609 0.496094 0.625000 0.492188 0.611328 0.527344 0.697266 0.552734
13 0.810547 0.322266 0.808594 0.349609 0.816406 0.388672 0.835938 0.402344 0.865234 0.394531 0.878906 0.373047 0.878906 0.339844 0.857422 0.330078
14 0.181641 0.314453 0.142578 0.324219 0.128906 0.335938 0.130859 0.378906 0.134766 0.386719 0.156250 0.398438 0.175781 0.400391 0.181641 0.394531 0.193359 0.355469 0.199219 0.347656 0.201172 0.332031 0.197266 0.324219
17 0.886719 0.896484 0.882812 0.890625 0.869141 0.892578 0.843750 0.910156 0.777344 0.912109 0.773438 0.916016 0.775391 0.937500 0.787109 0.957031 0.802734 0.968750 0.830078 0.976562 0.863281 0.972656 0.875000 0.962891 0.882812 0.945312 0.888672 0.916016
17 0.111328 0.880859 0.111328 0.939453 0.134766 0.994141 0.197266 0.996094 0.197266 0.978516 0.218750 0.939453 0.220703 0.906250 0.212891 0.900391 0.169922 0.904297 0.128906 0.882812
