10 0.439648 0.426367 0.414062 0.449219 0.389844 0.477539 0.337305 0.552930 0.353516 0.555664 0.492188 0.522070 0.536719 0.484375 0.598633 0.388672 0.598633 0.376563 0.566211 0.375195 0.513672 0.385937 0.473242 0.400781
14 0.708984 0.314648 0.804688 0.302539 0.815430 0.295703 0.818164 0.271484 0.808789 0.245898 0.795312 0.236523 0.741406 0.231055 0.721094 0.240430 0.718555 0.280859 0.707617 0.284961
8 0.520508 0.154297 0.708984 0.146289 0.692969 0.213477 0.672656 0.268750 0.655078 0.286328 0.637695 0.289062 0.537891 0.292969 0.490820 0.290430 0.372266 0.297070 0.325195 0.295703 0.391211 0.220312 0.441016 0.171875 0.474609 0.162305
13 0.656445 0.291602 0.642969 0.326758 0.578320 0.352344 0.555469 0.364453 0.544727 0.379297 0.505664 0.384570 0.466602 0.402148 0.443750 0.421094 0.294141 0.433203 0.234961 0.434375 0.146094 0.426367 0.123047 0.419727 0.124414 0.394141 0.146094 0.361719 0.181055 0.334766 0.214648 0.322656 0.294141 0.301172 0.434180 0.292969 0.482812 0.291602 0.536719 0.294336 0.593164 0.291602
7 0.552734 0.474805 0.582422 0.496484 0.608008 0.530078 0.581055 0.613672 0.556836 0.755078 0.536719 0.768555 0.497656 0.782031 0.435547 0.790039 0.379102 0.788672 0.322461 0.782031 0.173047 0.746875 0.139258 0.732227 0.113672 0.726758 0.090820 0.717383 0.071875 0.698438 0.058398 0.674219 0.055859 0.652734 0.058398 0.632422 0.054492 0.604102 0.055859 0.516602 0.063867 0.488281 0.074609 0.505859 0.092188 0.524805 0.098828 0.441211 0.104297 0.418359 0.141992 0.426367 0.272656 0.435742 0.423438 0.427734 0.442383 0.423633 0.404687 0.457422 0.334570 0.554297 0.354883 0.555664 0.401953 0.546289 0.490820 0.522070 0.533984 0.486914
12 0.117773 0.377930 0.097461 0.391406 0.081445 0.430469 0.063867 0.488281 0.074609 0.513867 0.089453 0.528711 0.098828 0.439844 0.104297 0.419727
18 0.613672 0.541211 0.650586 0.550391 0.674609 0.574414 0.692969 0.613477 0.700000 0.672070 0.700000 0.721484 0.690625 0.774414 0.664258 0.874219 0.635547 0.903125 0.609180 0.905273 0.566602 0.899609 0.536719 0.886914 0.521875 0.842187 0.520703 0.774414 0.548242 0.761719 0.563281 0.737500 0.566602 0.699609 0.581641 0.613477 0.592969 0.583594
9 0.725391 0.154688 0.740625 0.144531 0.766992 0.143945 0.815039 0.292969 0.826367 0.338477 0.825195 0.473438 0.816211 0.529102 0.809375 0.550586 0.725391 0.613672 0.727930 0.469141 0.723437 0.407813 0.715234 0.350977 0.699414 0.326953 0.696289 0.303711 0.696289 0.253711 0.724805 0.154102
3 0.812500 0.545508 0.825781 0.457617 0.827734 0.335156 0.768359 0.144531 0.787891 0.147656 0.827734 0.165430 0.861719 0.260156 0.883203 0.334570 0.882031 0.423047 0.877539 0.469727 0.867969 0.510156 0.811328 0.546680
17 0.880664 0.279102 0.931250 0.272656 0.940625 0.319531 0.938086 0.416016 0.933789 0.422266 0.929883 0.378711 0.914844 0.368750 0.902734 0.390234 0.888281 0.486133 0.871289 0.512695 0.883789 0.368750 0.872852 0.279102
