0 0.617188 0.798828 0.601562 0.798828 0.585938 0.791016 0.574219 0.789062 0.568359 0.794922 0.558594 0.794922 0.554688 0.798828 0.554688 0.812500 0.544922 0.830078 0.550781 0.835938 0.576172 0.835938 0.593750 0.832031 0.603516 0.824219 0.609375 0.812500 0.617188 0.808594
2 0.398438 0.335938 0.384766 0.408203 0.386719 0.494141 0.400391 0.484375 0.427734 0.494141 0.451172 0.484375 0.515625 0.513672 0.517578 0.421875 0.531250 0.353516 0.511719 0.345703 0.421875 0.353516
3 0.556641 0.583984 0.542969 0.589844 0.537109 0.601562 0.537109 0.654297 0.541016 0.660156 0.537109 0.681641 0.550781 0.691406 0.546875 0.705078 0.558594 0.712891 0.568359 0.712891 0.570312 0.605469 0.566406 0.589844
4 0.642578 0.443359 0.613281 0.462891 0.603516 0.505859 0.609375 0.546875 0.587891 0.572266 0.609375 0.589844 0.597656 0.603516 0.628906 0.617188 0.601562 0.628906 0.609375 0.640625 0.667969 0.611328 0.646484 0.597656 0.679688 0.587891 0.699219 0.560547 0.683594 0.513672 0.671875 0.517578 0.660156 0.503906
4 0.240234 0.431641 0.203125 0.533203 0.208984 0.580078 0.187500 0.660156 0.210938 0.783203 0.226562 0.777344 0.208984 0.738281 0.216797 0.683594 0.203125 0.673828 0.224609 0.652344 0.246094 0.580078 0.248047 0.519531 0.238281 0.505859 0.220703 0.517578
8 0.246094 0.597656 0.230469 0.617188 0.226562 0.656250 0.236328 0.652344 0.250000 0.667969 0.238281 0.714844 0.242188 0.761719 0.259766 0.794922 0.255859 0.832031 0.277344 0.837891 0.248047 0.742188 0.255859 0.644531
8 0.384766 0.314453 0.363281 0.320312 0.332031 0.363281 0.279297 0.386719 0.263672 0.437500 0.242188 0.433594 0.222656 0.517578 0.236328 0.503906 0.250000 0.515625 0.279297 0.498047 0.294922 0.535156 0.328125 0.490234 0.373047 0.498047
10 0.255859 0.650391 0.250000 0.742188 0.279297 0.837891 0.371094 0.841797 0.378906 0.833984 0.375000 0.814453 0.353516 0.789062 0.361328 0.765625 0.339844 0.744141 0.287109 0.730469 0.298828 0.714844 0.292969 0.691406
16 0.287109 0.634766 0.320312 0.726562 0.402344 0.806641 0.443359 0.726562 0.523438 0.847656 0.574219 0.787109 0.691406 0.792969 0.726562 0.750000 0.744141 0.787109 0.833984 0.787109 0.826172 0.634766 0.750000 0.591797 0.730469 0.671875 0.722656 0.613281 0.701172 0.679688 0.673828 0.642578 0.605469 0.677734 0.580078 0.640625 0.572266 0.738281 0.529297 0.679688 0.533203 0.613281 0.474609 0.572266 0.339844 0.582031
17 0.685547 0.875000 0.681641 0.884766 0.701172 0.937500 0.718750 0.947266 0.744141 0.949219 0.761719 0.935547 0.773438 0.894531 0.773438 0.878906 0.765625 0.871094 0.716797 0.867188
17 0.435547 0.763672 0.416016 0.808594 0.408203 0.917969 0.431641 0.953125 0.474609 0.958984 0.490234 0.947266 0.498047 0.921875 0.480469 0.818359 0.458984 0.773438
17 0.173828 0.757812 0.158203 0.773438 0.173828 0.773438 0.179688 0.785156 0.164062 0.789062 0.152344 0.781250 0.138672 0.800781 0.134766 0.867188 0.156250 0.910156 0.207031 0.914062 0.226562 0.902344 0.240234 0.863281 0.207031 0.851562 0.183594 0.763672
