14 0.724023 0.373828 0.740039 0.357617 0.791211 0.355078 0.807422 0.346875 0.814258 0.318555 0.807422 0.294336 0.785937 0.287695 0.752148 0.287695 0.737500 0.302539 0.734766 0.330664 0.721289 0.336133
10 0.509766 0.469531 0.551562 0.439844 0.629687 0.438477 0.636328 0.456055 0.634961 0.483008 0.617578 0.535547 0.509766 0.562500 0.464062 0.565039 0.474805 0.525977 0.492188 0.504492
13 0.634961 0.352344 0.636328 0.371094 0.571680 0.439844 0.546094 0.439844 0.516406 0.464062 0.476172 0.461328 0.455859 0.465430 0.230859 0.453320 0.155469 0.457422 0.123242 0.454688 0.129883 0.442578 0.120508 0.430469 0.164844 0.399414 0.206641 0.358984 0.388477 0.353711 0.457227 0.357617 0.507031 0.353711 0.586523 0.357617
7 0.616211 0.532813 0.645898 0.540820 0.660547 0.550391 0.653906 0.579883 0.641797 0.608203 0.631055 0.703906 0.632422 0.738867 0.622852 0.787305 0.577148 0.800781 0.453125 0.810352 0.337305 0.811719 0.260547 0.807617 0.185156 0.798242 0.131250 0.782031 0.073438 0.755078 0.063867 0.722656 0.055859 0.582617 0.058594 0.552930 0.074609 0.520703 0.102930 0.539453 0.108398 0.515234 0.109766 0.489648 0.119141 0.454688 0.155469 0.458789 0.177148 0.454688 0.307812 0.451953 0.454492 0.465430 0.484180 0.460156 0.519141 0.464062 0.474805 0.525977 0.462695 0.565039 0.507031 0.561133 0.574414 0.546289
12 0.121875 0.429102 0.099023 0.457422 0.082812 0.486914 0.080078 0.523438 0.102930 0.543555 0.111133 0.486914 0.119141 0.460156
15 0.217383 0.355078 0.212109 0.337500 0.214844 0.311914 0.232227 0.301172 0.256445 0.302539
18 0.672656 0.552930 0.697070 0.571875 0.714453 0.606836 0.724023 0.660742 0.725195 0.711914 0.721289 0.767188 0.714453 0.806250 0.692969 0.849414 0.672656 0.861523 0.612109 0.862891 0.587891 0.798242 0.625586 0.791406 0.634961 0.748242 0.633594 0.684961 0.641797 0.615039 0.648438 0.588086
9 0.764258 0.658008 0.851953 0.598828 0.853320 0.535547 0.862695 0.410156 0.846484 0.341602 0.825000 0.284961 0.792578 0.171875 0.771094 0.143555 0.742773 0.147656 0.721289 0.163672 0.694336 0.240430 0.687500 0.282227 0.697070 0.321289 0.724023 0.404883 0.734766 0.464062 0.744141 0.672852
3 0.774609 0.140820 0.804297 0.145117 0.835938 0.162305 0.871875 0.204492 0.904687 0.274023 0.932422 0.353516 0.921094 0.464062 0.901563 0.560547 0.854102 0.595313 0.864258 0.407813 0.799805 0.184375 0.773438 0.141406
18 0.870508 0.605469 0.913477 0.569531 0.927930 0.450586 0.941992 0.462109 0.952734 0.515820 0.950195 0.587695 0.945117 0.632617 0.932422 0.649609 0.918555 0.656641 0.889453 0.651563 0.876953 0.635156 0.869336 0.604883
8 0.388281 0.175586 0.419727 0.166016 0.524023 0.155859 0.707617 0.151562 0.650195 0.338477 0.236719 0.339648 0.386914 0.176172
