14 0.556836 0.318555 0.597266 0.316016 0.628320 0.306445 0.628320 0.282227 0.620313 0.256641 0.600000 0.244531 0.577148 0.244531 0.552930 0.271484
10 0.249805 0.399414 0.318555 0.388672 0.407422 0.361719 0.399219 0.382031 0.366992 0.416992 0.335938 0.445312 0.306445 0.458789 0.271289 0.465430 0.212109 0.466797 0.216211 0.437109
8 0.306445 0.259375 0.362891 0.187891 0.398047 0.154297 0.476172 0.144922 0.579883 0.146289 0.529883 0.240430 0.515234 0.279492 0.485547 0.298438 0.276758 0.289062
13 0.489648 0.297070 0.476172 0.325391 0.457227 0.344141 0.410156 0.361719 0.311719 0.388672 0.201367 0.406250 0.139258 0.403516 0.086719 0.392773 0.100195 0.358984 0.138086 0.333398 0.268750 0.290430 0.319922 0.289062 0.434375 0.297070
7 0.341406 0.447852 0.407422 0.513867 0.399219 0.551562 0.385937 0.582617 0.366992 0.659375 0.352148 0.690430 0.232227 0.687695 0.148828 0.672852 0.100195 0.658008 0.073438 0.635156 0.053125 0.608203 0.047656 0.540820 0.061133 0.515234 0.057227 0.478906 0.063867 0.442578 0.077344 0.398047 0.108398 0.398047 0.182422 0.407617 0.205273 0.407617 0.253906 0.396680 0.213477 0.437109 0.209375 0.464062 0.249805 0.466797 0.300977 0.461328
9 0.547461 0.419727 0.558203 0.612305 0.621484 0.601562 0.718555 0.577344 0.719922 0.539453 0.714453 0.491016 0.715820 0.396680 0.698438 0.224414 0.682227 0.127344 0.637695 0.131445 0.602734 0.146289 0.579883 0.171875 0.562305 0.206836 0.533984 0.283594 0.540820 0.373828
4 0.947461 0.282227 0.912500 0.283594 0.915234 0.297070 0.950195 0.333398
3 0.752148 0.570508 0.811523 0.552930 0.830273 0.449219 0.839844 0.425000 0.866797 0.396680 0.867969 0.357617 0.865430 0.326758 0.858594 0.295703 0.845117 0.259375 0.815625 0.193359 0.773828 0.135352 0.746875 0.127344 0.715820 0.124609 0.687500 0.125977 0.694336 0.173242 0.700977 0.263477 0.711719 0.332031 0.713086 0.446680 0.721289 0.543555 0.717187 0.582617 0.734766 0.571875
2 0.849219 0.244531 0.925977 0.251367 0.905859 0.186719 0.888281 0.162305 0.872070 0.150195 0.783203 0.140820 0.827734 0.208203
18 0.846484 0.456055 0.889648 0.474805 0.908398 0.505859 0.916602 0.570508 0.908398 0.659375 0.897656 0.693164 0.872070 0.710547 0.837109 0.709180 0.808789 0.701172 0.792578 0.637891 0.811523 0.627148 0.826367 0.525977 0.834375 0.492383
