2 0.705078 0.277344 0.664062 0.296875 0.699219 0.445312 0.714844 0.673828 0.750000 0.675781 0.771484 0.621094 0.769531 0.474609 0.736328 0.298828
6 0.111328 0.544922 0.087891 0.671875 0.111328 0.724609 0.308594 0.765625 0.468750 0.750000 0.494141 0.642578 0.464844 0.630859 0.478516 0.568359 0.447266 0.587891 0.404297 0.566406 0.382812 0.582031 0.380859 0.533203 0.152344 0.523438
7 0.238281 0.435547 0.550781 0.447266 0.582031 0.296875 0.341797 0.289062
8 0.634766 0.289062 0.601562 0.306641 0.583984 0.390625 0.595703 0.707031 0.712891 0.673828 0.681641 0.365234 0.662109 0.294922
9 0.482422 0.531250 0.468750 0.519531 0.412109 0.523438 0.386719 0.531250 0.373047 0.550781 0.382812 0.578125 0.388672 0.576172 0.392578 0.564453 0.400391 0.562500 0.408203 0.568359 0.408203 0.576172 0.445312 0.585938 0.474609 0.572266
12 0.130859 0.507812 0.148438 0.521484 0.375000 0.531250 0.460938 0.517578 0.541016 0.453125 0.367188 0.437500 0.242188 0.445312 0.156250 0.478516
16 0.878906 0.427734 0.802734 0.429688 0.777344 0.457031 0.791016 0.660156 0.837891 0.546875 0.863281 0.554688 0.880859 0.619141 0.900391 0.585938 0.898438 0.457031
17 0.117188 0.742188 0.115234 0.806641 0.130859 0.861328 0.150391 0.876953 0.203125 0.875000 0.222656 0.847656 0.232422 0.814453 0.232422 0.794922 0.222656 0.777344 0.181641 0.763672 0.164062 0.744141 0.136719 0.748047
17 0.531250 0.638672 0.501953 0.646484 0.498047 0.697266 0.466797 0.802734 0.474609 0.888672 0.490234 0.902344 0.542969 0.896484 0.566406 0.845703 0.570312 0.699219 0.552734 0.652344
17 0.841797 0.595703 0.820312 0.605469 0.810547 0.667969 0.781250 0.732422 0.791016 0.794922 0.810547 0.812500 0.845703 0.808594 0.867188 0.755859 0.873047 0.648438 0.859375 0.611328
