2 0.712891 0.322266 0.757812 0.478516 0.757812 0.652344 0.785156 0.658203 0.806641 0.625000 0.830078 0.427734 0.759766 0.333984
6 0.574219 0.566406 0.560547 0.550781 0.414062 0.564453 0.462891 0.498047 0.242188 0.501953 0.244141 0.562500 0.189453 0.566406 0.175781 0.636719 0.228516 0.699219 0.474609 0.708984 0.546875 0.685547
7 0.640625 0.332031 0.484375 0.328125 0.425781 0.355469 0.345703 0.437500 0.597656 0.435547
8 0.699219 0.318359 0.656250 0.333984 0.638672 0.394531 0.660156 0.552734 0.658203 0.656250 0.677734 0.671875 0.755859 0.652344 0.755859 0.478516 0.714844 0.330078
9 0.542969 0.482422 0.527344 0.478516 0.455078 0.503906 0.425781 0.531250 0.412109 0.560547 0.437500 0.562500 0.523438 0.550781 0.531250 0.517578 0.542969 0.498047
11 0.220703 0.496094 0.212891 0.500000 0.203125 0.513672 0.197266 0.550781 0.205078 0.556641 0.230469 0.560547 0.238281 0.552734 0.236328 0.519531 0.230469 0.498047
12 0.591797 0.439453 0.345703 0.439453 0.326172 0.457031 0.250000 0.476562 0.236328 0.496094 0.466797 0.496094 0.539062 0.476562
17 0.220703 0.718750 0.228516 0.763672 0.251953 0.791016 0.292969 0.796875 0.306641 0.792969 0.322266 0.777344 0.330078 0.757812 0.330078 0.740234 0.316406 0.724609 0.300781 0.718750 0.287109 0.718750 0.275391 0.726562 0.236328 0.714844
17 0.835938 0.587891 0.820312 0.597656 0.814453 0.656250 0.785156 0.716797 0.792969 0.755859 0.814453 0.765625 0.843750 0.761719 0.857422 0.728516 0.853516 0.617188 0.847656 0.597656
17 0.583984 0.582031 0.568359 0.619141 0.539062 0.765625 0.556641 0.810547 0.597656 0.818359 0.617188 0.808594 0.636719 0.763672 0.640625 0.656250 0.621094 0.597656 0.599609 0.582031
