15 0.279883 0.326367 0.216602 0.329688 0.198242 0.321680 0.194922 0.294141 0.196094 0.266602 0.217773 0.258594 0.245312 0.258594 0.269531 0.264258 0.283398 0.288281 0.293750 0.318164 0.291406 0.329688
8 0.300586 0.129883 0.344141 0.127539 0.395898 0.131055 0.505078 0.144727 0.542969 0.153906 0.583203 0.181445 0.666992 0.255078 0.723437 0.317188 0.485547 0.336719 0.397070 0.336719 0.362500 0.306836 0.314258 0.163086
13 0.399414 0.334375 0.397070 0.350391 0.408594 0.374609 0.494727 0.449219 0.523438 0.454883 0.566016 0.482617 0.593555 0.479102 0.625781 0.482617 0.660156 0.479102 0.773828 0.457227 0.855469 0.434375 0.869336 0.422852 0.872656 0.411328 0.822070 0.367578 0.734766 0.314844 0.555664 0.332031 0.430469 0.338867
12 0.431445 0.444531 0.497070 0.449219 0.521094 0.456055 0.549805 0.474414 0.598047 0.520508 0.626758 0.585938 0.625781 0.596289 0.602734 0.597461 0.518750 0.589453 0.459180 0.568750 0.441797 0.544531 0.409766 0.458398
7 0.450000 0.562891 0.385547 0.571094 0.400586 0.599805 0.414258 0.639844 0.426953 0.703125 0.434961 0.798438 0.442969 0.828320 0.470508 0.849023 0.509570 0.866211 0.547656 0.873242 0.637109 0.870898 0.733594 0.853711 0.808398 0.827148 0.854297 0.792773 0.885352 0.746875 0.902539 0.709961 0.923242 0.608984 0.925586 0.566406 0.920898 0.520508 0.904883 0.489453 0.886523 0.434375 0.876172 0.415820 0.862305 0.427344 0.833594 0.441211 0.761328 0.457227 0.626758 0.482617 0.584375 0.480273 0.563672 0.483594 0.605078 0.529687 0.622266 0.569922 0.627930 0.589453 0.626758 0.599805 0.525781 0.591602 0.492383 0.583594 0.466016 0.569922
18 0.353906 0.528516 0.324023 0.550391 0.306836 0.583594 0.296484 0.664062 0.305664 0.728320 0.319531 0.775586 0.340234 0.825977 0.366602 0.853711 0.405664 0.864062 0.448242 0.858203 0.460742 0.849023 0.445898 0.831836 0.434375 0.799609 0.428711 0.722656 0.411328 0.626172 0.378125 0.552539
11 0.169727 0.500586 0.172266 0.483594 0.158398 0.365625 0.159766 0.325195 0.173633 0.301758 0.180469 0.272656 0.183789 0.237305 0.196289 0.184375 0.215234 0.136328 0.224805 0.115625 0.245312 0.117578 0.278711 0.135547 0.293164 0.161328 0.321289 0.252148 0.319727 0.277930 0.298438 0.352148 0.293945 0.385547 0.284180 0.577930 0.278125 0.624805 0.260547 0.612695 0.166016 0.510547
5 0.220898 0.115625 0.192578 0.188672 0.172266 0.303711 0.159766 0.324414 0.160352 0.391406 0.171094 0.488086 0.165430 0.507031 0.128711 0.468359 0.111133 0.352344 0.108594 0.270117 0.117383 0.234180 0.132617 0.195703 0.162891 0.144531 0.184375 0.125586 0.219727 0.116211
18 0.099805 0.365625 0.117383 0.450781 0.117969 0.507031 0.109766 0.525195 0.102930 0.518945 0.096680 0.504492 0.085938 0.438086 0.082617 0.397070 0.084570 0.373047 0.092188 0.363672
14 0.686328 0.261914 0.720313 0.266406 0.729102 0.279102 0.730469 0.298047 0.708984 0.299805 0.684961 0.275977 0.684961 0.262695
