0 0.363281 0.634766 0.402344 0.804688 0.511719 0.845703 0.671875 0.806641 0.796875 0.742188 0.835938 0.697266 0.847656 0.615234 0.810547 0.583984 0.548828 0.664062 0.519531 0.640625 0.511719 0.533203 0.441406 0.523438 0.417969 0.619141
0 0.791016 0.472656 0.792969 0.492188 0.775391 0.513672 0.777344 0.521484 0.787109 0.531250 0.812500 0.533203 0.816406 0.531250 0.820312 0.519531 0.820312 0.484375 0.814453 0.472656 0.810547 0.474609
1 0.423828 0.306641 0.476562 0.386719 0.539062 0.417969 0.619141 0.402344 0.736328 0.410156 0.712891 0.388672 0.761719 0.380859 0.746094 0.335938 0.710938 0.302734 0.541016 0.306641 0.503906 0.287109
2 0.318359 0.294922 0.273438 0.304688 0.238281 0.458984 0.244141 0.617188 0.283203 0.675781 0.296875 0.666016 0.296875 0.595703 0.333984 0.429688 0.333984 0.335938
3 0.476562 0.412109 0.427734 0.474609 0.425781 0.507812 0.453125 0.521484 0.523438 0.521484 0.529297 0.515625 0.527344 0.439453 0.511719 0.416016
5 0.794922 0.392578 0.785156 0.408203 0.777344 0.412109 0.777344 0.417969 0.792969 0.468750 0.796875 0.472656 0.808594 0.472656 0.818359 0.466797 0.820312 0.455078 0.804688 0.400391 0.798828 0.392578
8 0.271484 0.304688 0.236328 0.335938 0.197266 0.406250 0.173828 0.492188 0.193359 0.595703 0.248047 0.646484 0.236328 0.458984
16 0.812500 0.554688 0.773438 0.515625 0.791016 0.466797 0.771484 0.412109 0.544922 0.437500 0.527344 0.521484 0.431641 0.515625 0.527344 0.539062 0.521484 0.634766 0.548828 0.662109 0.746094 0.615234 0.794922 0.591797
17 0.328125 0.634766 0.310547 0.667969 0.316406 0.826172 0.347656 0.908203 0.400391 0.923828 0.429688 0.902344 0.437500 0.847656 0.390625 0.800781 0.363281 0.662109 0.345703 0.638672
17 0.150391 0.539062 0.146484 0.583984 0.154297 0.662109 0.164062 0.683594 0.185547 0.685547 0.195312 0.677734 0.199219 0.654297 0.179688 0.625000 0.162109 0.544922
17 0.902344 0.533203 0.875000 0.552734 0.853516 0.599609 0.853516 0.646484 0.902344 0.695312 0.951172 0.703125 0.964844 0.695312 0.972656 0.673828 0.968750 0.582031 0.941406 0.542969
