0 0.578125 0.632812 0.595703 0.640625 0.716797 0.638672 0.828125 0.621094 0.837891 0.609375 0.783203 0.591797 0.757812 0.603516 0.734375 0.593750 0.662109 0.615234 0.648438 0.574219 0.638672 0.572266 0.636719 0.601562 0.626953 0.609375 0.591797 0.605469
1 0.398438 0.341797 0.619141 0.349609 0.634766 0.339844 0.632812 0.308594 0.644531 0.283203 0.615234 0.261719 0.468750 0.253906 0.423828 0.269531 0.419922 0.335938 0.408203 0.332031
2 0.320312 0.277344 0.285156 0.384766 0.275391 0.527344 0.285156 0.609375 0.304688 0.628906 0.339844 0.628906 0.326172 0.566406 0.345703 0.335938
3 0.533203 0.388672 0.521484 0.458984 0.519531 0.527344 0.527344 0.535156 0.554688 0.535156 0.562500 0.480469 0.556641 0.396484
5 0.843750 0.380859 0.835938 0.382812 0.832031 0.390625 0.824219 0.482422 0.839844 0.535156 0.849609 0.531250 0.857422 0.490234 0.849609 0.386719
8 0.314453 0.273438 0.265625 0.304688 0.195312 0.468750 0.201172 0.568359 0.220703 0.630859 0.300781 0.628906 0.277344 0.591797 0.273438 0.470703
16 0.349609 0.404297 0.337891 0.574219 0.361328 0.626953 0.404297 0.501953 0.480469 0.656250 0.574219 0.636719 0.638672 0.570312 0.679688 0.607422 0.771484 0.595703 0.832031 0.552734 0.826172 0.367188 0.435547 0.355469
17 0.757812 0.667969 0.750000 0.667969 0.728516 0.683594 0.707031 0.683594 0.691406 0.693359 0.667969 0.691406 0.662109 0.697266 0.669922 0.736328 0.687500 0.771484 0.695312 0.775391 0.732422 0.761719 0.748047 0.736328 0.753906 0.714844
17 0.417969 0.556641 0.388672 0.589844 0.378906 0.699219 0.392578 0.779297 0.439453 0.792969 0.470703 0.781250 0.478516 0.751953 0.458984 0.720703 0.445312 0.603516 0.433594 0.570312
17 0.162109 0.554688 0.152344 0.562500 0.140625 0.597656 0.134766 0.685547 0.154297 0.734375 0.193359 0.738281 0.222656 0.730469 0.238281 0.689453 0.203125 0.654297 0.185547 0.572266 0.175781 0.556641
