8 0.589258 0.125977 0.699609 0.121875 0.766992 0.124609 0.754883 0.159766 0.727930 0.272852 0.719922 0.284961 0.698242 0.291602 0.622852 0.291602 0.335938 0.272852 0.375000 0.239063 0.412695 0.198828 0.480078 0.142187 0.527148 0.131445 0.567578 0.125977
13 0.705078 0.295703 0.707617 0.306445 0.700977 0.329492 0.687500 0.345508 0.653906 0.360352 0.609375 0.385937 0.587891 0.402148 0.576953 0.418359 0.533984 0.429102 0.485547 0.449219 0.442383 0.477539 0.389844 0.480273 0.299609 0.477539 0.237695 0.473438 0.174219 0.464062 0.137891 0.456055 0.104297 0.435742 0.086719 0.414258 0.082617 0.400781 0.104297 0.358984 0.144727 0.325391 0.216016 0.295703 0.322461 0.272852 0.449023 0.283594 0.589258 0.291602 0.672656 0.292969
10 0.601367 0.415625 0.640430 0.410156 0.649805 0.419727 0.602734 0.505859 0.544727 0.585352 0.523242 0.605469 0.475977 0.620313 0.408594 0.631055 0.341406 0.639258 0.306250 0.637891 0.343945 0.585352 0.439648 0.478906 0.463867 0.461328 0.507031 0.439844 0.556836 0.422266
7 0.574414 0.544922 0.601367 0.559766 0.632227 0.585352 0.652539 0.616406 0.633594 0.664844 0.617383 0.720117 0.590430 0.834570 0.589258 0.860156 0.573047 0.899219 0.497656 0.934180 0.435547 0.938281 0.375000 0.934180 0.275391 0.903125 0.260547 0.884375 0.198633 0.851953 0.194531 0.858789 0.148633 0.837305 0.090820 0.795508 0.089453 0.769922 0.059766 0.740234 0.030078 0.686328 0.039648 0.651367 0.031445 0.558398 0.032813 0.525977 0.043555 0.499219 0.053125 0.460156 0.075977 0.404883 0.093555 0.426367 0.121680 0.447852 0.150000 0.460156 0.269922 0.477539 0.392578 0.480273 0.446484 0.474805 0.356055 0.566406 0.326562 0.612305 0.303516 0.640625 0.393945 0.635156 0.447656 0.627148 0.507031 0.612305 0.524609 0.605469 0.552734 0.574609
14 0.764258 0.314648 0.807422 0.313281 0.882812 0.302539 0.886914 0.282227 0.886914 0.253906 0.874805 0.231055 0.846484 0.226953 0.811328 0.226953 0.795312 0.232422 0.788477 0.244531 0.788477 0.282227 0.762891 0.283594
9 0.819531 0.124414 0.867969 0.336523 0.865625 0.385742 0.856055 0.454492 0.856641 0.527734 0.771484 0.630078 0.775977 0.502539 0.774609 0.418555 0.770117 0.358008 0.758203 0.333398 0.753711 0.247461 0.778320 0.135742 0.793555 0.126172 0.818750 0.126172
3 0.822656 0.127539 0.836523 0.130078 0.871289 0.151562 0.878125 0.165430 0.912891 0.291016 0.915430 0.315625 0.912891 0.372461 0.899023 0.440625 0.883203 0.494336 0.858008 0.524023 0.858008 0.454492 0.869336 0.337109 0.821289 0.126953
18 0.722461 0.623437 0.731641 0.647070 0.737891 0.704492 0.730664 0.824414 0.723437 0.873437 0.708008 0.922656 0.691602 0.960742 0.659766 0.996289 0.618750 0.991602 0.593359 0.961719 0.584375 0.918945 0.586133 0.873437 0.597852 0.808008 0.627930 0.682617 0.650586 0.619922 0.662500 0.595313 0.682422 0.594336 0.702539 0.602539
18 0.925195 0.415625 0.930664 0.423438 0.927930 0.514453 0.920508 0.554102 0.911328 0.576758 0.897852 0.575391 0.894336 0.538867 0.897070 0.497070 0.913477 0.422656 0.918750 0.412695
17 0.945703 0.257031 0.955273 0.286523 0.934961 0.443164 0.941211 0.381250 0.936914 0.358008 0.919141 0.399023 0.899609 0.468359 0.886328 0.487305 0.912305 0.378125 0.917383 0.326367 0.906641 0.268945 0.945117 0.258203
