2 0.708984 0.273438 0.742188 0.458984 0.740234 0.652344 0.755859 0.656250 0.796875 0.632812 0.824219 0.398438 0.777344 0.308594
6 0.189453 0.505859 0.150391 0.623047 0.150391 0.681641 0.175781 0.714844 0.382812 0.744141 0.500000 0.740234 0.519531 0.574219 0.480469 0.572266 0.482422 0.546875 0.421875 0.582031 0.369141 0.576172 0.361328 0.558594 0.404297 0.529297
7 0.636719 0.292969 0.550781 0.281250 0.441406 0.289062 0.386719 0.324219 0.324219 0.406250 0.580078 0.416016 0.611328 0.369141
8 0.703125 0.273438 0.654297 0.298828 0.621094 0.419922 0.630859 0.666016 0.738281 0.654297 0.740234 0.458984
9 0.507812 0.501953 0.478516 0.500000 0.425781 0.519531 0.365234 0.556641 0.361328 0.566406 0.365234 0.572266 0.398438 0.580078 0.421875 0.580078 0.443359 0.572266 0.478516 0.548828 0.507812 0.511719
12 0.185547 0.496094 0.363281 0.511719 0.406250 0.527344 0.498047 0.496094 0.568359 0.419922 0.320312 0.408203 0.263672 0.443359 0.222656 0.447266
17 0.207031 0.732422 0.201172 0.751953 0.244141 0.796875 0.269531 0.785156 0.292969 0.753906 0.289062 0.742188 0.277344 0.734375 0.255859 0.730469
17 0.558594 0.578125 0.525391 0.591797 0.503906 0.689453 0.509766 0.742188 0.488281 0.771484 0.498047 0.794922 0.521484 0.810547 0.558594 0.806641 0.589844 0.779297 0.605469 0.746094 0.597656 0.625000 0.583984 0.593750
17 0.839844 0.541016 0.828125 0.542969 0.818359 0.556641 0.806641 0.607422 0.806641 0.667969 0.785156 0.695312 0.794922 0.728516 0.818359 0.742188 0.837891 0.742188 0.851562 0.732422 0.865234 0.675781 0.869141 0.585938 0.857422 0.552734
17 0.050781 0.498047 0.029297 0.523438 0.029297 0.564453 0.044922 0.599609 0.076172 0.601562 0.093750 0.574219 0.093750 0.546875 0.082031 0.517578 0.068359 0.574219 0.058594 0.585938 0.044922 0.580078 0.044922 0.546875 0.060547 0.515625 0.058594 0.500000
