2 0.607422 0.484375 0.642578 0.664062 0.640625 0.800781 0.652344 0.820312 0.705078 0.822266 0.716797 0.658203 0.691406 0.515625 0.671875 0.480469
6 0.429688 0.744141 0.406250 0.722656 0.320312 0.732422 0.337891 0.660156 0.304688 0.675781 0.162109 0.662109 0.158203 0.718750 0.111328 0.730469 0.113281 0.833984 0.162109 0.873047 0.359375 0.884766 0.406250 0.837891
6 0.003906 0.201172 0.003906 0.244141 0.013672 0.292969 0.021484 0.294922 0.042969 0.275391 0.052734 0.287109 0.083984 0.302734 0.101562 0.265625 0.101562 0.242188 0.082031 0.240234 0.062500 0.228516 0.074219 0.220703 0.074219 0.212891 0.021484 0.210938 0.013672 0.201172 0.017578 0.193359
7 0.531250 0.496094 0.455078 0.486328 0.345703 0.496094 0.277344 0.558594 0.248047 0.603516 0.482422 0.605469
8 0.603516 0.484375 0.552734 0.498047 0.515625 0.587891 0.519531 0.824219 0.646484 0.818359 0.636719 0.630859
9 0.412109 0.666016 0.382812 0.664062 0.351562 0.673828 0.333984 0.691406 0.318359 0.726562 0.373047 0.728516 0.404297 0.720703 0.414062 0.679688
12 0.156250 0.662109 0.216797 0.658203 0.253906 0.673828 0.312500 0.671875 0.324219 0.658203 0.349609 0.667969 0.406250 0.662109 0.466797 0.636719 0.480469 0.609375 0.246094 0.605469
16 0.730469 0.625000 0.730469 0.820312 0.763672 0.830078 0.796875 0.726562 0.818359 0.722656 0.837891 0.742188 0.855469 0.828125 0.873047 0.824219 0.898438 0.748047 0.878906 0.625000
17 0.123047 0.873047 0.138672 0.927734 0.169922 0.949219 0.214844 0.951172 0.240234 0.933594 0.251953 0.912109 0.253906 0.892578 0.246094 0.884766 0.177734 0.886719 0.140625 0.863281 0.128906 0.865234
17 0.794922 0.763672 0.787109 0.769531 0.775391 0.837891 0.753906 0.884766 0.751953 0.914062 0.769531 0.947266 0.812500 0.953125 0.828125 0.935547 0.837891 0.896484 0.839844 0.812500 0.816406 0.769531
17 0.435547 0.761719 0.416016 0.833984 0.373047 0.888672 0.369141 0.917969 0.384766 0.947266 0.404297 0.958984 0.462891 0.960938 0.507812 0.900391 0.525391 0.931641 0.570312 0.933594 0.583984 0.882812 0.564453 0.876953 0.519531 0.898438 0.488281 0.791016 0.460938 0.761719
