2 0.765625 0.302734 0.798828 0.482422 0.808594 0.650391 0.837891 0.607422 0.847656 0.490234 0.810547 0.322266
6 0.164062 0.619141 0.185547 0.746094 0.316406 0.777344 0.333984 0.804688 0.388672 0.789062 0.548828 0.822266 0.605469 0.738281 0.613281 0.664062 0.597656 0.648438 0.445312 0.654297 0.458984 0.568359 0.398438 0.546875 0.398438 0.527344 0.244141 0.541016 0.232422 0.625000
7 0.349609 0.429688 0.664062 0.447266 0.697266 0.306641 0.451172 0.292969
8 0.753906 0.300781 0.716797 0.308594 0.705078 0.369141 0.703125 0.720703 0.800781 0.642578 0.796875 0.482422
9 0.576172 0.556641 0.554688 0.546875 0.517578 0.558594 0.468750 0.562500 0.449219 0.609375 0.443359 0.650391 0.527344 0.660156 0.574219 0.652344 0.580078 0.611328 0.589844 0.597656
11 0.205078 0.517578 0.189453 0.531250 0.181641 0.554688 0.179688 0.603516 0.187500 0.611328 0.224609 0.623047 0.234375 0.619141 0.238281 0.548828
12 0.210938 0.515625 0.248047 0.539062 0.390625 0.523438 0.406250 0.531250 0.400391 0.544922 0.458984 0.566406 0.558594 0.542969 0.654297 0.453125 0.359375 0.431641 0.250000 0.476562
16 0.900391 0.441406 0.873047 0.441406 0.859375 0.453125 0.855469 0.476562 0.863281 0.486328 0.863281 0.496094 0.857422 0.503906 0.861328 0.533203 0.875000 0.521484 0.886719 0.523438 0.898438 0.507812 0.902344 0.490234 0.898438 0.480469 0.910156 0.458984 0.906250 0.445312
17 0.216797 0.767578 0.220703 0.800781 0.228516 0.818359 0.246094 0.835938 0.267578 0.843750 0.291016 0.843750 0.310547 0.832031 0.324219 0.798828 0.320312 0.785156 0.271484 0.777344 0.236328 0.759766 0.226562 0.759766
17 0.652344 0.652344 0.634766 0.654297 0.619141 0.671875 0.591797 0.794922 0.556641 0.835938 0.568359 0.888672 0.595703 0.906250 0.646484 0.898438 0.667969 0.855469 0.681641 0.742188 0.669922 0.673828
17 0.871094 0.566406 0.857422 0.570312 0.843750 0.638672 0.812500 0.681641 0.820312 0.740234 0.841797 0.751953 0.867188 0.742188 0.878906 0.703125 0.886719 0.583984
