4 0.210938 0.193359 0.195312 0.208984 0.175781 0.349609 0.177734 0.435547 0.197266 0.507812 0.253906 0.529297 0.251953 0.263672 0.273438 0.195312
4 0.980469 0.130859 0.941406 0.140625 0.894531 0.271484 0.894531 0.304688 0.923828 0.324219 0.947266 0.355469 0.960938 0.349609 0.970703 0.328125 0.964844 0.255859 0.986328 0.238281 0.988281 0.162109
6 0.904297 0.505859 0.873047 0.558594 0.697266 0.607422 0.599609 0.599609 0.593750 0.632812 0.634766 0.761719 0.685547 0.775391 0.716797 0.738281 0.759766 0.746094 0.789062 0.710938 0.908203 0.640625 0.921875 0.576172
7 0.365234 0.197266 0.394531 0.292969 0.417969 0.330078 0.439453 0.332031 0.443359 0.343750 0.650391 0.304688 0.640625 0.269531 0.607422 0.224609 0.554688 0.175781 0.392578 0.179688
10 0.281250 0.193359 0.253906 0.265625 0.263672 0.527344 0.339844 0.587891 0.398438 0.609375 0.408203 0.535156 0.390625 0.337891 0.333984 0.195312
11 0.632812 0.486328 0.630859 0.503906 0.648438 0.535156 0.658203 0.589844 0.666016 0.599609 0.701172 0.603516 0.781250 0.572266 0.777344 0.546875 0.746094 0.482422 0.650391 0.472656
12 0.470703 0.345703 0.492188 0.375000 0.570312 0.398438 0.619141 0.441406 0.769531 0.482422 0.767578 0.515625 0.806641 0.576172 0.851562 0.558594 0.902344 0.501953 0.886719 0.398438 0.845703 0.347656 0.679688 0.304688
16 0.134766 0.341797 0.125000 0.345703 0.115234 0.361328 0.115234 0.369141 0.109375 0.382812 0.115234 0.400391 0.121094 0.404297 0.132812 0.404297 0.138672 0.408203 0.152344 0.410156 0.156250 0.404297 0.154297 0.359375 0.142578 0.343750
17 0.488281 0.568359 0.451172 0.605469 0.439453 0.640625 0.441406 0.703125 0.490234 0.832031 0.519531 0.859375 0.550781 0.867188 0.582031 0.853516 0.613281 0.818359 0.621094 0.740234 0.582031 0.626953 0.535156 0.582031
17 0.142578 0.458984 0.130859 0.468750 0.126953 0.482422 0.130859 0.552734 0.156250 0.615234 0.169922 0.625000 0.187500 0.625000 0.205078 0.601562 0.207031 0.552734 0.183594 0.515625 0.164062 0.462891
