14 0.276953 0.511328 0.270117 0.483594 0.281641 0.472266 0.296484 0.473438 0.296484 0.506641
10 0.127734 0.536523 0.155273 0.537695 0.120703 0.569922 0.124219 0.588281 0.098828 0.590625 0.112695 0.556055
9 0.248242 0.673242 0.239063 0.631836 0.244922 0.554883 0.250586 0.529687 0.263281 0.505469 0.335547 0.436523 0.365430 0.413672 0.404492 0.398633 0.468945 0.392969 0.444727 0.496289 0.428711 0.529687 0.418359 0.583594 0.418359 0.613477 0.432031 0.713477 0.271289 0.704297 0.260937 0.698438
3 0.529687 0.396289 0.560742 0.404492 0.597461 0.421680 0.596484 0.441211 0.606641 0.526172 0.604492 0.548047 0.580273 0.606641 0.561914 0.622656 0.551562 0.643359 0.541211 0.696289 0.533203 0.715820 0.517188 0.721484 0.429883 0.715820 0.416016 0.603125 0.418359 0.574414 0.426367 0.526172 0.439063 0.508984 0.448242 0.488281 0.472266 0.390625
4 0.713672 0.526172 0.757227 0.526172 0.818164 0.537695 0.834180 0.582422 0.789453 0.597461 0.746875 0.596289 0.753711 0.575586 0.705469 0.537695
2 0.622852 0.406641 0.658398 0.395313 0.707812 0.389453 0.803125 0.445703 0.828516 0.465234 0.743359 0.480273 0.715820 0.466406 0.635547 0.411328
16 0.743359 0.481445 0.754883 0.504297 0.784766 0.508984 0.803125 0.519336 0.822656 0.554883 0.852539 0.629687 0.906641 0.612305 0.915820 0.591602 0.918164 0.545703 0.915820 0.518164 0.906641 0.490625 0.837695 0.467578 0.759570 0.476758
1 0.745703 0.593945 0.730859 0.623828 0.705469 0.628516 0.669922 0.629687 0.659570 0.635352 0.677930 0.667578 0.684766 0.695117 0.684766 0.752539 0.777930 0.739844 0.842187 0.735352 0.928516 0.699609 0.935352 0.668750 0.933008 0.642188 0.935352 0.612305 0.918164 0.562891 0.913477 0.598633 0.907813 0.610156 0.885938 0.619336 0.853711 0.627344 0.835352 0.583594 0.789453 0.597461
18 0.559961 0.700195 0.568750 0.667969 0.582617 0.640234 0.623047 0.629492 0.653320 0.647070 0.672266 0.689453 0.672266 0.738086 0.654687 0.794141 0.621875 0.811328 0.592773 0.804297 0.575195 0.777734 0.559375 0.739844 0.557422 0.701953
18 0.145117 0.616797 0.155859 0.597852 0.180469 0.582617 0.205273 0.600977 0.220898 0.654102 0.222852 0.686914 0.214648 0.729883 0.200781 0.746289 0.169727 0.751172 0.145117 0.725391 0.135742 0.690625 0.133203 0.657813 0.143359 0.622461
