0 0.925781 0.695312 0.898438 0.666016 0.890625 0.701172 0.865234 0.724609 0.687500 0.746094 0.666016 0.787109 0.617188 0.796875 0.554688 0.845703 0.574219 0.859375 0.890625 0.841797 0.921875 0.808594
1 0.619141 0.464844 0.634766 0.498047 0.720703 0.509766 0.871094 0.490234 0.855469 0.376953 0.783203 0.328125 0.714844 0.326172 0.689453 0.357422 0.664062 0.365234 0.654297 0.417969
2 0.355469 0.369141 0.292969 0.382812 0.253906 0.558594 0.255859 0.777344 0.271484 0.787109 0.363281 0.783203 0.357422 0.707031 0.380859 0.621094 0.373047 0.392578
3 0.546875 0.550781 0.537109 0.560547 0.529297 0.589844 0.533203 0.673828 0.544922 0.679688 0.593750 0.679688 0.597656 0.607422 0.589844 0.564453 0.578125 0.552734
8 0.289062 0.384766 0.232422 0.408203 0.142578 0.566406 0.123047 0.677734 0.150391 0.781250 0.255859 0.779297 0.246094 0.587891
15 0.775391 0.507812 0.775391 0.511719 0.783203 0.513672 0.820312 0.544922 0.830078 0.531250 0.861328 0.531250 0.875000 0.523438 0.875000 0.517578 0.861328 0.515625 0.855469 0.505859 0.845703 0.500000 0.818359 0.500000
16 0.888672 0.531250 0.591797 0.519531 0.605469 0.658203 0.556641 0.683594 0.560547 0.740234 0.531250 0.708984 0.548828 0.683594 0.505859 0.675781 0.478516 0.558594 0.392578 0.580078 0.386719 0.656250 0.431641 0.646484 0.488281 0.707031 0.531250 0.849609 0.664062 0.785156 0.687500 0.744141 0.873047 0.718750
16 0.548828 0.316406 0.523438 0.316406 0.472656 0.335938 0.466797 0.345703 0.466797 0.357422 0.474609 0.361328 0.474609 0.400391 0.464844 0.419922 0.468750 0.425781 0.490234 0.429688 0.496094 0.414062 0.509766 0.404297 0.521484 0.404297 0.527344 0.414062 0.535156 0.412109 0.554688 0.367188 0.554688 0.351562 0.546875 0.339844
17 0.830078 0.882812 0.800781 0.884766 0.775391 0.875000 0.736328 0.904297 0.707031 0.898438 0.705078 0.916016 0.716797 0.947266 0.730469 0.962891 0.755859 0.974609 0.800781 0.970703 0.826172 0.937500 0.833984 0.906250
17 0.423828 0.736328 0.400391 0.757812 0.384766 0.798828 0.373047 0.878906 0.380859 0.925781 0.410156 0.998047 0.503906 0.998047 0.521484 0.906250 0.498047 0.869141 0.494141 0.810547 0.458984 0.742188
17 0.080078 0.714844 0.064453 0.732422 0.058594 0.761719 0.060547 0.882812 0.076172 0.923828 0.109375 0.933594 0.134766 0.923828 0.146484 0.863281 0.126953 0.832031 0.113281 0.734375 0.101562 0.718750
