2 0.736328 0.062500 0.767578 0.298828 0.761719 0.519531 0.777344 0.533203 0.824219 0.476562 0.845703 0.388672 0.826172 0.199219 0.781250 0.068359
6 0.173828 0.445312 0.166016 0.523438 0.128906 0.568359 0.146484 0.724609 0.244141 0.835938 0.404297 0.896484 0.462891 0.849609 0.515625 0.609375 0.312500 0.601562 0.326172 0.544922 0.292969 0.609375 0.255859 0.605469 0.267578 0.576172 0.296875 0.585938 0.310547 0.539062 0.230469 0.500000 0.287109 0.486328
7 0.660156 0.080078 0.537109 0.078125 0.451172 0.097656 0.341797 0.253906 0.601562 0.285156 0.652344 0.144531
8 0.728516 0.062500 0.681641 0.097656 0.642578 0.261719 0.642578 0.660156 0.759766 0.531250 0.765625 0.298828
9 0.478516 0.470703 0.466797 0.462891 0.417969 0.468750 0.373047 0.486328 0.332031 0.546875 0.312500 0.597656 0.400391 0.609375 0.458984 0.605469
11 0.880859 0.613281 0.867188 0.621094 0.863281 0.634766 0.845703 0.646484 0.837891 0.642578 0.830078 0.656250 0.826172 0.693359 0.851562 0.710938 0.876953 0.718750 0.888672 0.732422 0.939453 0.703125 0.923828 0.697266 0.902344 0.677734 0.894531 0.632812
12 0.158203 0.419922 0.173828 0.443359 0.289062 0.486328 0.232422 0.501953 0.304688 0.523438 0.585938 0.363281 0.591797 0.292969 0.347656 0.255859 0.251953 0.277344 0.193359 0.312500
16 0.878906 0.244141 0.875000 0.248047 0.878906 0.259766 0.867188 0.343750 0.871094 0.351562 0.882812 0.349609 0.902344 0.365234 0.902344 0.337891 0.914062 0.296875 0.908203 0.281250
17 0.566406 0.607422 0.548828 0.607422 0.509766 0.658203 0.472656 0.849609 0.433594 0.890625 0.435547 0.927734 0.476562 0.998047 0.541016 0.998047 0.574219 0.957031 0.601562 0.876953 0.605469 0.681641 0.589844 0.628906
17 0.875000 0.396484 0.857422 0.402344 0.845703 0.492188 0.830078 0.503906 0.818359 0.525391 0.818359 0.548828 0.833984 0.574219 0.847656 0.560547 0.853516 0.537109 0.867188 0.517578 0.880859 0.416016
