0 0.029297 0.849609 0.025391 0.876953 0.033203 0.902344 0.044922 0.912109 0.064453 0.916016 0.068359 0.923828 0.074219 0.921875 0.080078 0.914062 0.078125 0.894531 0.087891 0.861328 0.078125 0.853516 0.066406 0.853516 0.062500 0.845703 0.050781 0.845703 0.041016 0.855469
3 0.064453 0.476562 0.037109 0.505859 0.027344 0.546875 0.017578 0.539062 0.021484 0.523438 0.009766 0.513672 0.013672 0.500000 0.003906 0.492188 0.003906 0.566406 0.015625 0.564453 0.025391 0.552734 0.031250 0.560547 0.048828 0.554688 0.048828 0.539062 0.060547 0.525391 0.074219 0.521484 0.082031 0.529297 0.087891 0.523438 0.087891 0.513672 0.072266 0.498047
6 0.812500 0.687500 0.623047 0.710938 0.687500 0.570312 0.542969 0.576172 0.634766 0.533203 0.212891 0.542969 0.322266 0.578125 0.189453 0.597656 0.248047 0.625000 0.234375 0.765625 0.052734 0.720703 0.029297 0.826172 0.095703 0.859375 0.093750 0.951172 0.718750 0.943359 0.798828 0.871094
7 0.144531 0.318359 0.689453 0.318359 0.699219 0.300781 0.628906 0.070312 0.234375 0.078125 0.228516 0.115234 0.208984 0.109375
9 0.771484 0.498047 0.640625 0.537109 0.636719 0.564453 0.714844 0.556641 0.685547 0.578125 0.695312 0.605469 0.632812 0.626953 0.621094 0.707031 0.792969 0.671875 0.771484 0.578125 0.785156 0.539062
12 0.710938 0.556641 0.699219 0.554688 0.636719 0.566406 0.630859 0.556641 0.593750 0.566406 0.582031 0.562500 0.558594 0.568359 0.544922 0.580078 0.597656 0.583984 0.687500 0.568359
12 0.765625 0.470703 0.695312 0.320312 0.154297 0.328125 0.125000 0.353516 0.093750 0.492188 0.222656 0.541016 0.566406 0.539062 0.707031 0.511719
13 0.781250 0.236328 0.753906 0.232422 0.734375 0.236328 0.728516 0.242188 0.726562 0.271484 0.720703 0.287109 0.720703 0.312500 0.728516 0.326172 0.783203 0.318359 0.794922 0.308594 0.802734 0.267578
14 0.085938 0.250000 0.072266 0.281250 0.072266 0.308594 0.087891 0.312500 0.091797 0.318359 0.089844 0.328125 0.109375 0.339844 0.117188 0.324219 0.111328 0.306641 0.130859 0.271484 0.123047 0.255859 0.107422 0.255859 0.099609 0.273438 0.091797 0.265625 0.093750 0.251953
15 0.050781 0.541016 0.050781 0.558594 0.058594 0.564453 0.111328 0.564453 0.130859 0.548828 0.156250 0.570312 0.150391 0.576172 0.181641 0.580078 0.132812 0.529297 0.111328 0.521484 0.134766 0.519531 0.087891 0.492188 0.083984 0.503906 0.107422 0.533203 0.101562 0.537109 0.070312 0.523438
16 0.195312 0.589844 0.150391 0.578125 0.152344 0.568359 0.134766 0.556641 0.082031 0.570312 0.048828 0.562500 0.064453 0.578125 0.058594 0.587891 0.062500 0.601562 0.089844 0.632812 0.109375 0.628906 0.109375 0.617188 0.169922 0.611328 0.181641 0.593750
17 0.054688 0.935547 0.062500 0.998047 0.175781 0.996094 0.179688 0.957031 0.173828 0.949219 0.158203 0.945312 0.142578 0.962891 0.113281 0.960938 0.091797 0.970703 0.078125 0.964844 0.058594 0.933594
17 0.832031 0.843750 0.814453 0.837891 0.806641 0.875000 0.750000 0.943359 0.691406 0.962891 0.667969 0.951172 0.656250 0.974609 0.669922 0.996094 0.822266 0.998047 0.839844 0.921875
