0 0.496094 0.712891 0.562500 0.740234 0.818359 0.744141 0.863281 0.726562 0.890625 0.671875 0.812500 0.683594 0.755859 0.658203 0.572266 0.666016 0.552734 0.630859 0.523438 0.619141 0.527344 0.642578
1 0.437500 0.349609 0.443359 0.373047 0.458984 0.392578 0.583984 0.394531 0.597656 0.373047 0.621094 0.375000 0.623047 0.345703 0.605469 0.330078 0.607422 0.320312 0.505859 0.316406 0.453125 0.333984
2 0.320312 0.392578 0.296875 0.412109 0.287109 0.449219 0.275391 0.445312 0.275391 0.421875 0.263672 0.439453 0.248047 0.509766 0.251953 0.664062 0.267578 0.673828 0.277344 0.664062 0.296875 0.681641 0.308594 0.681641 0.294922 0.630859 0.296875 0.484375 0.318359 0.455078
3 0.521484 0.496094 0.509766 0.519531 0.509766 0.542969 0.521484 0.585938 0.521484 0.603516 0.537109 0.617188 0.554688 0.619141 0.558594 0.613281 0.556641 0.582031 0.562500 0.537109 0.550781 0.511719 0.541016 0.511719
5 0.894531 0.476562 0.890625 0.482422 0.892578 0.507812 0.884766 0.533203 0.888672 0.556641 0.884766 0.582031 0.888672 0.605469 0.894531 0.615234 0.900391 0.615234 0.912109 0.593750 0.912109 0.513672 0.904297 0.480469
8 0.281250 0.322266 0.236328 0.335938 0.162109 0.494141 0.156250 0.607422 0.179688 0.673828 0.281250 0.675781 0.251953 0.667969 0.246094 0.509766
16 0.310547 0.484375 0.300781 0.615234 0.353516 0.699219 0.394531 0.595703 0.480469 0.710938 0.519531 0.615234 0.574219 0.664062 0.820312 0.679688 0.894531 0.640625 0.871094 0.451172 0.460938 0.425781
17 0.812500 0.761719 0.796875 0.755859 0.767578 0.759766 0.742188 0.791016 0.708984 0.798828 0.708984 0.830078 0.720703 0.857422 0.736328 0.875000 0.775391 0.878906 0.798828 0.865234 0.814453 0.814453
17 0.402344 0.650391 0.388672 0.660156 0.373047 0.705078 0.375000 0.843750 0.398438 0.900391 0.443359 0.906250 0.460938 0.896484 0.474609 0.861328 0.476562 0.792969 0.447266 0.767578 0.433594 0.669922 0.421875 0.652344
17 0.115234 0.605469 0.095703 0.630859 0.095703 0.750000 0.115234 0.806641 0.152344 0.814453 0.167969 0.806641 0.177734 0.789062 0.181641 0.748047 0.156250 0.720703 0.144531 0.626953 0.132812 0.609375
