2 0.681641 0.406250 0.708984 0.564453 0.714844 0.779297 0.744141 0.783203 0.800781 0.763672 0.828125 0.626953 0.814453 0.550781 0.755859 0.417969
6 0.091797 0.695312 0.101562 0.755859 0.085938 0.777344 0.111328 0.830078 0.195312 0.839844 0.259766 0.873047 0.296875 0.845703 0.416016 0.847656 0.443359 0.707031 0.386719 0.685547 0.296875 0.693359 0.328125 0.623047 0.146484 0.621094 0.132812 0.679688
7 0.578125 0.421875 0.466797 0.414062 0.369141 0.425781 0.281250 0.548828 0.521484 0.548828 0.539062 0.529297
8 0.666016 0.408203 0.597656 0.417969 0.564453 0.525391 0.576172 0.798828 0.712891 0.779297 0.707031 0.564453
9 0.429688 0.611328 0.421875 0.603516 0.394531 0.601562 0.343750 0.615234 0.316406 0.638672 0.292969 0.687500 0.302734 0.693359 0.324219 0.693359 0.386719 0.681641 0.394531 0.652344
12 0.494141 0.554688 0.275391 0.550781 0.167969 0.582031 0.146484 0.595703 0.144531 0.611328 0.187500 0.625000 0.330078 0.621094 0.476562 0.572266
16 0.861328 0.593750 0.857422 0.597656 0.861328 0.619141 0.875000 0.638672 0.880859 0.662109 0.898438 0.693359 0.900391 0.679688 0.890625 0.660156 0.898438 0.597656 0.890625 0.591797
17 0.125000 0.837891 0.123047 0.878906 0.142578 0.939453 0.158203 0.955078 0.185547 0.964844 0.220703 0.957031 0.248047 0.912109 0.246094 0.875000 0.216797 0.867188 0.191406 0.849609
17 0.484375 0.732422 0.455078 0.740234 0.439453 0.759766 0.412109 0.910156 0.429688 0.974609 0.462891 0.992188 0.503906 0.984375 0.552734 0.902344 0.595703 0.906250 0.621094 0.871094 0.617188 0.849609 0.570312 0.869141 0.554688 0.863281 0.521484 0.757812
17 0.830078 0.718750 0.814453 0.740234 0.812500 0.820312 0.791016 0.853516 0.787109 0.876953 0.804688 0.919922 0.847656 0.925781 0.873047 0.894531 0.886719 0.781250 0.867188 0.732422 0.845703 0.718750
