2 0.142578 0.256250 0.159766 0.247070 0.227539 0.235547 0.271289 0.232031 0.367773 0.229687 0.420703 0.234375 0.434375 0.243555 0.434375 0.272266 0.426367 0.305664 0.424023 0.344727 0.382617 0.351562 0.226367 0.358398 0.100000 0.356250 0.128711 0.289453
15 0.818164 0.385937 0.844531 0.382617 0.865234 0.369922 0.865234 0.351562 0.857227 0.336719 0.841016 0.328516 0.819336 0.327344 0.814648 0.337695
6 0.397656 0.383789 0.512500 0.379102 0.521680 0.389453 0.476953 0.441211 0.465430 0.448047 0.411328 0.450391 0.394141 0.424023 0.327539 0.418164 0.303516 0.406641 0.313672 0.395313 0.353906 0.389453
4 0.077148 0.448047 0.094336 0.450391 0.104688 0.427344 0.147266 0.411328 0.146094 0.397461 0.086328 0.382617 0.074805 0.390625 0.072461 0.430859
16 0.422852 0.355078 0.414844 0.415820 0.408008 0.521680 0.368945 0.590625 0.265430 0.588281 0.131055 0.580273 0.112695 0.576758 0.100000 0.550391 0.089648 0.514648 0.088672 0.379102 0.102344 0.358398 0.256250 0.358398 0.390820 0.349219
1 0.467773 0.446875 0.492969 0.480273 0.502148 0.502148 0.516016 0.523828 0.553906 0.541211 0.549219 0.546875 0.548047 0.577930 0.526367 0.668750 0.510156 0.709961 0.503320 0.717969 0.486133 0.721484 0.394141 0.723828 0.273633 0.712305 0.193164 0.711133 0.093164 0.701953 0.080469 0.696289 0.063281 0.670898 0.052930 0.646875 0.051758 0.616992 0.051758 0.589453 0.058789 0.574414 0.058789 0.554883 0.073633 0.513477 0.074805 0.466406 0.078320 0.448047 0.088672 0.446875 0.089648 0.511328 0.098828 0.551562 0.110352 0.581250 0.157422 0.582422 0.228711 0.589453 0.308008 0.589453 0.364258 0.592773 0.408008 0.516992 0.411328 0.445703
5 0.669922 0.219531 0.694141 0.294141 0.729688 0.433203 0.734180 0.463086 0.728516 0.558398 0.730859 0.603125 0.728516 0.639844 0.650391 0.651367 0.652734 0.610156 0.644727 0.553711 0.636523 0.529687 0.611328 0.500977 0.602148 0.433203 0.591797 0.391797 0.575781 0.352734 0.572266 0.322852 0.584961 0.245898 0.597461 0.211328 0.635547 0.214844
11 0.713672 0.237891 0.736523 0.249219 0.760742 0.269922 0.783594 0.297656 0.805469 0.334375 0.835352 0.405469 0.841016 0.442383 0.841016 0.528516 0.837695 0.595117 0.828516 0.621484 0.784766 0.630664 0.725000 0.637695 0.730859 0.600781 0.728516 0.554883 0.735352 0.479102 0.728516 0.435352 0.695117 0.296484 0.671094 0.219531
18 0.560742 0.571094 0.590625 0.575586 0.614844 0.603125 0.629687 0.646875 0.636523 0.682422 0.636523 0.723828 0.626172 0.798438 0.610156 0.830664 0.591797 0.849023 0.567578 0.852539 0.508984 0.850195 0.492969 0.819141 0.483789 0.785937 0.481445 0.725000 0.510156 0.714648 0.548047 0.582422
18 0.132031 0.733008 0.149023 0.736133 0.279687 0.741797 0.269531 0.785937 0.248828 0.817578 0.223438 0.825781 0.162305 0.815625 0.141992 0.780273 0.131250 0.748828 0.131250 0.733008
