6 0.189453 0.566406 0.203125 0.744141 0.314453 0.748047 0.332031 0.802734 0.662109 0.835938 0.769531 0.734375 0.771484 0.566406 0.642578 0.582031 0.638672 0.501953 0.367188 0.501953 0.458984 0.515625 0.421875 0.542969 0.580078 0.544922 0.541016 0.587891 0.623047 0.576172 0.492188 0.611328
7 0.251953 0.365234 0.720703 0.367188 0.683594 0.214844 0.560547 0.183594 0.306641 0.195312 0.281250 0.226562
9 0.759766 0.482422 0.736328 0.476562 0.677734 0.496094 0.662109 0.519531 0.642578 0.580078 0.765625 0.566406 0.771484 0.537109
11 0.207031 0.472656 0.197266 0.519531 0.197266 0.546875 0.203125 0.556641 0.289062 0.572266 0.322266 0.572266 0.308594 0.521484 0.289062 0.490234 0.230469 0.468750
12 0.335938 0.517578 0.347656 0.525391 0.458984 0.525391 0.458984 0.517578 0.439453 0.505859 0.414062 0.509766 0.404297 0.505859 0.392578 0.509766 0.371094 0.505859
12 0.234375 0.384766 0.240234 0.464844 0.324219 0.505859 0.662109 0.507812 0.728516 0.476562 0.736328 0.433594 0.718750 0.375000 0.253906 0.367188
13 0.757812 0.320312 0.750000 0.328125 0.742188 0.357422 0.744141 0.390625 0.765625 0.392578 0.804688 0.378906 0.812500 0.369141 0.806641 0.328125 0.794922 0.320312
14 0.171875 0.312500 0.166016 0.318359 0.162109 0.332031 0.160156 0.373047 0.173828 0.376953 0.181641 0.371094 0.222656 0.380859 0.228516 0.375000 0.228516 0.361328 0.216797 0.314453 0.210938 0.310547 0.183594 0.308594
17 0.767578 0.759766 0.751953 0.769531 0.746094 0.783203 0.712891 0.796875 0.689453 0.820312 0.687500 0.900391 0.697266 0.923828 0.753906 0.929688 0.769531 0.916016 0.773438 0.798828
17 0.189453 0.748047 0.189453 0.904297 0.210938 0.914062 0.251953 0.914062 0.269531 0.894531 0.269531 0.818359 0.207031 0.753906
