0 0.558594 0.578125 0.488281 0.595703 0.464844 0.478516 0.396484 0.484375 0.419922 0.519531 0.318359 0.591797 0.210938 0.582031 0.123047 0.544922 0.107422 0.660156 0.134766 0.710938 0.279297 0.753906 0.376953 0.736328 0.462891 0.775391 0.501953 0.740234 0.519531 0.755859
1 0.537109 0.224609 0.355469 0.210938 0.296875 0.234375 0.197266 0.316406 0.449219 0.339844
3 0.126953 0.371094 0.113281 0.392578 0.121094 0.458984 0.111328 0.519531 0.123047 0.529297 0.130859 0.525391 0.138672 0.490234 0.154297 0.474609 0.167969 0.507812 0.164062 0.445312 0.175781 0.427734 0.158203 0.402344 0.162109 0.365234
4 0.593750 0.244141 0.574219 0.316406 0.662109 0.652344 0.691406 0.669922 0.740234 0.636719 0.738281 0.443359 0.693359 0.343750 0.677734 0.214844
5 0.394531 0.480469 0.429688 0.484375 0.458984 0.476562 0.474609 0.464844 0.498047 0.433594 0.505859 0.408203 0.433594 0.416016 0.417969 0.408203 0.394531 0.419922 0.390625 0.429688 0.398438 0.453125
10 0.683594 0.214844 0.695312 0.343750 0.740234 0.441406 0.740234 0.628906 0.755859 0.642578 0.841797 0.597656 0.859375 0.503906 0.830078 0.343750 0.798828 0.326172 0.732422 0.238281
15 0.154297 0.355469 0.173828 0.472656 0.167969 0.511719 0.156250 0.482422 0.142578 0.488281 0.136719 0.529297 0.175781 0.556641 0.207031 0.537109 0.310547 0.582031 0.371094 0.539062 0.378906 0.416016 0.359375 0.398438 0.441406 0.343750 0.218750 0.324219
16 0.439453 0.351562 0.421875 0.349609 0.396484 0.386719 0.361328 0.398438 0.380859 0.416016 0.380859 0.466797 0.365234 0.476562 0.375000 0.531250 0.355469 0.562500 0.292969 0.583984 0.207031 0.539062 0.191406 0.562500 0.166016 0.560547 0.257812 0.587891 0.343750 0.578125 0.392578 0.535156 0.388672 0.427734 0.421875 0.398438
17 0.582031 0.587891 0.548828 0.654297 0.511719 0.824219 0.527344 0.871094 0.589844 0.898438 0.613281 0.882812 0.628906 0.845703 0.632812 0.673828 0.615234 0.599609
17 0.886719 0.486328 0.876953 0.498047 0.857422 0.640625 0.835938 0.673828 0.849609 0.689453 0.894531 0.701172 0.906250 0.675781 0.910156 0.531250 0.900391 0.490234
