15 0.428711 0.387109 0.403320 0.394141 0.356250 0.384961 0.349414 0.360742 0.350586 0.329688 0.367773 0.314844 0.396484 0.305664 0.418359 0.326367 0.433203 0.346875 0.439063 0.371094
14 0.756055 0.296484 0.761914 0.276953 0.754883 0.251563 0.734180 0.239063 0.728516 0.252734 0.737695 0.271094
13 0.496484 0.372266 0.492969 0.384961 0.504492 0.408984 0.521680 0.432031 0.600977 0.484766 0.616992 0.499805 0.625195 0.521680 0.661914 0.533008 0.732031 0.540039 0.776758 0.536523 0.840039 0.526172 0.880078 0.508984 0.913477 0.489453 0.922656 0.476758 0.923828 0.458398 0.909961 0.429688 0.885938 0.403320 0.823828 0.350391 0.797461 0.330859 0.768750 0.316016 0.689453 0.344727 0.633203 0.358398 0.535547 0.373437
8 0.464258 0.350391 0.417187 0.200000 0.411328 0.172266 0.505664 0.157422 0.551562 0.147070 0.630859 0.139063 0.656055 0.164258 0.691797 0.221680 0.758398 0.311328 0.733203 0.327344 0.689453 0.342383 0.586133 0.363086 0.527539 0.369922 0.496484 0.369922 0.475781 0.361914
18 0.538867 0.627344 0.498828 0.649219 0.480273 0.681250 0.465430 0.719141 0.452734 0.788086 0.457422 0.836328 0.482617 0.908789 0.502148 0.941016 0.522852 0.958203 0.574609 0.958203 0.620508 0.944336 0.646875 0.883594 0.651563 0.853711 0.605664 0.839844 0.598633 0.793945 0.592969 0.703125 0.576953 0.638867
12 0.572266 0.499805 0.629687 0.527344 0.674609 0.538867 0.719336 0.541211 0.745703 0.582422 0.733203 0.585938 0.736523 0.612305 0.728516 0.613477 0.706641 0.603125 0.663086 0.590625 0.638867 0.590625 0.613672 0.575586 0.595313 0.568750 0.574609 0.522656
7 0.610156 0.580273 0.591797 0.599805 0.568750 0.618164 0.592969 0.729492 0.602148 0.839844 0.644727 0.845508 0.722852 0.847852 0.746875 0.817969 0.796289 0.807617 0.866406 0.784766 0.933008 0.750195 0.945703 0.738672 0.957227 0.715820 0.962891 0.689258 0.958203 0.595117 0.959375 0.536523 0.950195 0.516992 0.923828 0.477930 0.900781 0.495117 0.845703 0.526172 0.727344 0.542188 0.743359 0.588281 0.730859 0.589453 0.736523 0.619336 0.702148 0.606641 0.684766 0.596289 0.659570 0.590625 0.640039 0.591602
11 0.337891 0.132031 0.365430 0.148242 0.389648 0.178125 0.418359 0.247070 0.444727 0.335547 0.452734 0.397461 0.443555 0.520508 0.439063 0.653711 0.441211 0.690430 0.391797 0.668750 0.287305 0.599805 0.282813 0.499805 0.286133 0.453906 0.283984 0.357227 0.295312 0.299805 0.312695 0.158594 0.319531 0.125195
5 0.310352 0.117188 0.223047 0.095312 0.196484 0.147070 0.142578 0.352734 0.139063 0.383789 0.171289 0.432031 0.189648 0.516992 0.201172 0.556055 0.284961 0.600781 0.287305 0.561719 0.282813 0.358398 0.294141 0.297656 0.308008 0.182617 0.318359 0.127539
6 0.077148 0.156250 0.085156 0.189648 0.100000 0.230859 0.074805 0.232031 0.058789 0.236719 0.060937 0.211328 0.067969 0.188477
18 0.148438 0.440625 0.170508 0.436914 0.192578 0.542969 0.195703 0.568750 0.193750 0.621289 0.226562 0.634375 0.204492 0.695117 0.180469 0.714063 0.143359 0.709570 0.120508 0.670508 0.107227 0.619336 0.102344 0.553711 0.110547 0.475391 0.132031 0.446289 0.145898 0.442578
