4 0.332031 0.228516 0.248047 0.253906 0.212891 0.355469 0.205078 0.503906 0.220703 0.566406 0.248047 0.582031 0.298828 0.585938 0.296875 0.412109
6 0.585938 0.451172 0.566406 0.521484 0.593750 0.615234 0.634766 0.650391 0.806641 0.650391 0.910156 0.628906 0.929688 0.601562 0.935547 0.480469 0.886719 0.425781 0.886719 0.398438 0.714844 0.396484 0.734375 0.474609
7 0.419922 0.226562 0.457031 0.318359 0.476562 0.339844 0.720703 0.337891 0.613281 0.246094
10 0.341797 0.226562 0.304688 0.359375 0.300781 0.587891 0.419922 0.607422 0.433594 0.308594 0.394531 0.228516
11 0.580078 0.392578 0.583984 0.427734 0.617188 0.451172 0.718750 0.470703 0.734375 0.466797 0.699219 0.400391 0.656250 0.402344 0.589844 0.388672
12 0.888672 0.394531 0.863281 0.369141 0.722656 0.339844 0.498047 0.345703 0.531250 0.371094 0.630859 0.390625
16 0.177734 0.376953 0.070312 0.378906 0.052734 0.390625 0.042969 0.425781 0.044922 0.552734 0.082031 0.558594 0.101562 0.480469 0.126953 0.455078 0.150391 0.470703 0.183594 0.523438 0.189453 0.443359
17 0.867188 0.652344 0.841797 0.650391 0.808594 0.666016 0.777344 0.664062 0.759766 0.673828 0.732422 0.677734 0.726562 0.689453 0.771484 0.722656 0.814453 0.724609 0.830078 0.718750 0.849609 0.701172 0.865234 0.671875
17 0.517578 0.521484 0.486328 0.537109 0.455078 0.583984 0.443359 0.646484 0.447266 0.697266 0.494141 0.773438 0.556641 0.779297 0.607422 0.750000 0.625000 0.666016 0.585938 0.617188 0.552734 0.535156
17 0.128906 0.511719 0.111328 0.527344 0.095703 0.593750 0.107422 0.656250 0.125000 0.687500 0.167969 0.693359 0.183594 0.681641 0.193359 0.617188 0.171875 0.580078 0.156250 0.521484
