0 0.494141 0.619141 0.476562 0.595703 0.425781 0.593750 0.423828 0.533203 0.371094 0.541016 0.337891 0.601562 0.361328 0.623047 0.349609 0.642578 0.296875 0.630859 0.216797 0.650391 0.097656 0.564453 0.076172 0.595703 0.082031 0.687500 0.109375 0.726562 0.322266 0.707031 0.439453 0.761719 0.462891 0.750000
1 0.468750 0.365234 0.353516 0.339844 0.294922 0.343750 0.212891 0.380859 0.177734 0.427734 0.398438 0.435547
4 0.552734 0.367188 0.531250 0.380859 0.525391 0.472656 0.580078 0.660156 0.587891 0.738281 0.667969 0.748047 0.675781 0.589844 0.617188 0.361328
5 0.453125 0.486328 0.402344 0.476562 0.384766 0.476562 0.363281 0.484375 0.353516 0.496094 0.359375 0.517578 0.349609 0.560547 0.357422 0.558594 0.357422 0.544922 0.363281 0.539062 0.402344 0.539062 0.427734 0.527344 0.447266 0.503906
10 0.619141 0.363281 0.677734 0.589844 0.671875 0.746094 0.789062 0.738281 0.796875 0.685547 0.753906 0.474609 0.681641 0.390625
15 0.347656 0.437500 0.187500 0.433594 0.123047 0.455078 0.113281 0.466797 0.115234 0.564453 0.128906 0.589844 0.160156 0.589844 0.181641 0.509766 0.250000 0.498047 0.230469 0.494141 0.242188 0.455078
16 0.382812 0.443359 0.248047 0.453125 0.232422 0.494141 0.251953 0.498047 0.175781 0.517578 0.162109 0.589844 0.132812 0.595703 0.113281 0.564453 0.115234 0.585938 0.218750 0.648438 0.271484 0.646484 0.296875 0.628906 0.353516 0.638672 0.357422 0.621094 0.335938 0.603516 0.349609 0.496094
17 0.123047 0.748047 0.121094 0.769531 0.138672 0.820312 0.158203 0.841797 0.199219 0.839844 0.214844 0.830078 0.234375 0.791016 0.232422 0.773438 0.226562 0.767578 0.152344 0.746094
17 0.855469 0.625000 0.841797 0.630859 0.826172 0.685547 0.818359 0.757812 0.800781 0.792969 0.812500 0.822266 0.832031 0.830078 0.861328 0.830078 0.873047 0.822266 0.894531 0.755859 0.892578 0.671875
17 0.523438 0.625000 0.498047 0.636719 0.457031 0.794922 0.462891 0.835938 0.486328 0.859375 0.542969 0.851562 0.570312 0.787109 0.566406 0.683594 0.544922 0.638672
