2 0.771484 0.230469 0.822266 0.464844 0.816406 0.685547 0.857422 0.681641 0.904297 0.445312 0.839844 0.281250
6 0.550781 0.613281 0.498047 0.574219 0.337891 0.583984 0.378906 0.466797 0.359375 0.501953 0.365234 0.474609 0.101562 0.486328 0.091797 0.562500 0.035156 0.599609 0.062500 0.656250 0.035156 0.689453 0.041016 0.750000 0.138672 0.826172 0.466797 0.847656 0.501953 0.822266
7 0.691406 0.242188 0.578125 0.228516 0.417969 0.255859 0.277344 0.390625 0.474609 0.373047 0.628906 0.378906
8 0.757812 0.226562 0.726562 0.230469 0.687500 0.292969 0.689453 0.726562 0.816406 0.689453 0.820312 0.464844
9 0.515625 0.474609 0.447266 0.468750 0.394531 0.488281 0.369141 0.511719 0.335938 0.580078 0.494141 0.574219 0.515625 0.511719
11 0.089844 0.484375 0.082031 0.484375 0.070312 0.494141 0.060547 0.519531 0.060547 0.550781 0.062500 0.556641 0.072266 0.564453 0.080078 0.564453 0.089844 0.558594
12 0.617188 0.384766 0.294922 0.384766 0.140625 0.439453 0.099609 0.476562 0.333984 0.488281 0.384766 0.462891 0.400391 0.480469 0.427734 0.457031 0.597656 0.419922
17 0.888672 0.888672 0.882812 0.894531 0.884766 0.904297 0.876953 0.921875 0.876953 0.953125 0.880859 0.966797 0.871094 0.986328 0.873047 0.992188 0.896484 0.994141 0.902344 0.992188 0.908203 0.941406 0.894531 0.890625
17 0.099609 0.824219 0.099609 0.843750 0.111328 0.878906 0.134766 0.902344 0.160156 0.910156 0.187500 0.906250 0.203125 0.898438 0.220703 0.873047 0.222656 0.845703 0.148438 0.837891 0.109375 0.818359
17 0.605469 0.626953 0.556641 0.636719 0.513672 0.816406 0.484375 0.865234 0.505859 0.966797 0.541016 0.988281 0.601562 0.966797 0.630859 0.896484 0.642578 0.699219 0.634766 0.660156
17 0.902344 0.605469 0.888672 0.609375 0.871094 0.724609 0.833984 0.759766 0.837891 0.802734 0.849609 0.820312 0.867188 0.828125 0.888672 0.828125 0.908203 0.814453 0.923828 0.761719 0.925781 0.675781 0.914062 0.617188
