0 0.527344 0.638672 0.533203 0.681641 0.580078 0.693359 0.812500 0.697266 0.837891 0.687500 0.847656 0.667969 0.837891 0.625000 0.791016 0.628906 0.728516 0.611328 0.558594 0.619141
1 0.439453 0.275391 0.435547 0.328125 0.441406 0.341797 0.460938 0.351562 0.621094 0.367188 0.640625 0.361328 0.632812 0.337891 0.636719 0.279297 0.576172 0.259766 0.507812 0.255859
3 0.554688 0.417969 0.537109 0.416016 0.529297 0.427734 0.517578 0.492188 0.515625 0.566406 0.523438 0.576172 0.548828 0.572266 0.554688 0.531250 0.566406 0.509766 0.568359 0.482422 0.558594 0.462891
5 0.837891 0.431641 0.828125 0.443359 0.818359 0.523438 0.832031 0.591797 0.843750 0.578125 0.847656 0.531250 0.845703 0.445312
8 0.335938 0.251953 0.281250 0.291016 0.230469 0.398438 0.214844 0.546875 0.238281 0.628906 0.298828 0.638672 0.285156 0.484375 0.341797 0.300781
10 0.289062 0.572266 0.289062 0.587891 0.300781 0.636719 0.308594 0.640625 0.345703 0.644531 0.347656 0.630859 0.326172 0.582031 0.308594 0.566406 0.302734 0.566406 0.294922 0.574219
16 0.316406 0.410156 0.310547 0.550781 0.349609 0.630859 0.412109 0.517578 0.478516 0.693359 0.529297 0.689453 0.527344 0.630859 0.828125 0.615234 0.820312 0.414062 0.533203 0.376953 0.355469 0.380859
17 0.746094 0.726562 0.664062 0.738281 0.656250 0.755859 0.662109 0.794922 0.675781 0.814453 0.708984 0.822266 0.726562 0.818359 0.736328 0.808594 0.748047 0.769531
17 0.416016 0.578125 0.398438 0.595703 0.386719 0.640625 0.384766 0.757812 0.404297 0.818359 0.431641 0.826172 0.460938 0.810547 0.470703 0.761719 0.441406 0.613281 0.429688 0.582031
17 0.177734 0.548828 0.164062 0.558594 0.146484 0.634766 0.146484 0.687500 0.173828 0.742188 0.222656 0.750000 0.246094 0.718750 0.250000 0.685547 0.246094 0.673828 0.218750 0.658203 0.210938 0.595703 0.197266 0.558594
