4 0.230469 0.140625 0.193359 0.169922 0.154297 0.287109 0.179688 0.472656 0.207031 0.503906 0.199219 0.267578 0.222656 0.207031
4 0.871094 0.126953 0.810547 0.136719 0.777344 0.216797 0.777344 0.240234 0.810547 0.320312 0.861328 0.320312
6 0.853516 0.468750 0.587891 0.541016 0.642578 0.591797 0.615234 0.640625 0.511719 0.619141 0.445312 0.570312 0.429688 0.611328 0.400391 0.580078 0.417969 0.845703 0.507812 0.880859 0.560547 0.849609 0.593750 0.882812 0.820312 0.769531 0.857422 0.673828
7 0.281250 0.150391 0.308594 0.273438 0.330078 0.287109 0.332031 0.306641 0.632812 0.285156 0.513672 0.148438 0.376953 0.136719
10 0.238281 0.138672 0.201172 0.267578 0.212891 0.503906 0.277344 0.603516 0.279297 0.207031 0.259766 0.150391
10 0.876953 0.128906 0.863281 0.222656 0.863281 0.318359 0.884766 0.335938 0.947266 0.351562 0.968750 0.322266 0.984375 0.214844 0.929688 0.142578
11 0.404297 0.462891 0.404297 0.484375 0.437500 0.544922 0.486328 0.601562 0.582031 0.636719 0.617188 0.634766 0.636719 0.615234 0.619141 0.583984 0.558594 0.539062 0.416016 0.458984
12 0.843750 0.455078 0.783203 0.365234 0.671875 0.291016 0.330078 0.324219 0.435547 0.464844 0.582031 0.541016
17 0.326172 0.537109 0.302734 0.615234 0.318359 0.753906 0.347656 0.849609 0.386719 0.878906 0.412109 0.849609 0.398438 0.683594 0.359375 0.554688
17 0.146484 0.357422 0.142578 0.410156 0.160156 0.531250 0.169922 0.537109 0.175781 0.507812 0.166016 0.464844 0.160156 0.384766
