0 0.000000 0.000000 0.000000 0.998047 0.408203 0.998047 0.371094 0.722656 0.423828 0.998047 0.998047 0.998047 0.998047 0.000000
1 0.851562 0.677734 0.574219 0.791016 0.523438 0.757812 0.488281 0.781250 0.470703 0.755859 0.433594 0.791016 0.457031 0.904297 0.500000 0.943359 0.550781 0.955078 0.714844 0.882812 0.804688 0.810547 0.843750 0.751953
1 0.462891 0.646484 0.460938 0.656250 0.472656 0.681641 0.482422 0.681641 0.519531 0.712891 0.539062 0.705078 0.550781 0.714844 0.556641 0.675781 0.552734 0.658203 0.533203 0.646484 0.501953 0.642578
2 0.677734 0.171875 0.669922 0.189453 0.669922 0.216797 0.691406 0.242188 0.763672 0.261719 0.800781 0.248047 0.802734 0.228516 0.792969 0.212891 0.791016 0.185547 0.753906 0.175781
3 0.730469 0.292969 0.707031 0.306641 0.693359 0.330078 0.703125 0.394531 0.718750 0.423828 0.751953 0.449219 0.767578 0.500000 0.828125 0.511719 0.839844 0.429688 0.810547 0.296875 0.802734 0.287109 0.765625 0.285156
3 0.351562 0.187500 0.343750 0.195312 0.339844 0.216797 0.339844 0.298828 0.345703 0.306641 0.361328 0.312500 0.382812 0.246094 0.382812 0.197266
4 0.529297 0.427734 0.519531 0.441406 0.486328 0.431641 0.476562 0.576172 0.453125 0.601562 0.447266 0.589844 0.437500 0.591797 0.437500 0.619141 0.458984 0.630859 0.464844 0.617188 0.470703 0.638672 0.554688 0.636719 0.550781 0.509766
5 0.197266 0.443359 0.191406 0.525391 0.207031 0.589844 0.226562 0.597656 0.236328 0.636719 0.236328 0.500000 0.226562 0.482422 0.207031 0.468750
5 0.550781 0.269531 0.550781 0.384766 0.570312 0.455078 0.587891 0.462891 0.613281 0.445312 0.693359 0.433594 0.691406 0.416016 0.667969 0.396484 0.669922 0.328125 0.644531 0.283203 0.619141 0.275391 0.582031 0.291016 0.576172 0.285156 0.593750 0.267578 0.574219 0.275391
17 0.552734 0.457031 0.550781 0.642578 0.576172 0.783203 0.824219 0.679688 0.828125 0.572266 0.810547 0.541016 0.775391 0.546875 0.626953 0.472656 0.572266 0.480469
17 0.226562 0.419922 0.318359 0.615234 0.337891 0.601562 0.355469 0.666016 0.376953 0.644531 0.400391 0.679688 0.431641 0.816406 0.470703 0.750000 0.488281 0.775391 0.521484 0.751953 0.541016 0.765625 0.542969 0.714844 0.458984 0.687500 0.414062 0.609375 0.435547 0.574219 0.414062 0.550781 0.449219 0.533203 0.464844 0.435547
