0 0.761719 0.501953 0.578125 0.638672 0.460938 0.644531 0.337891 0.597656 0.259766 0.509766 0.236328 0.515625 0.214844 0.767578 0.761719 0.779297
1 0.308594 0.373047 0.691406 0.375000 0.660156 0.281250 0.523438 0.267578 0.335938 0.279297
3 0.289062 0.414062 0.271484 0.427734 0.257812 0.429688 0.248047 0.437500 0.240234 0.468750 0.240234 0.494141 0.244141 0.498047 0.267578 0.498047 0.273438 0.478516 0.289062 0.494141 0.294922 0.490234 0.298828 0.445312
5 0.740234 0.429688 0.710938 0.431641 0.705078 0.439453 0.699219 0.464844 0.703125 0.486328 0.699219 0.492188 0.699219 0.517578 0.703125 0.521484 0.714844 0.519531 0.724609 0.509766 0.748047 0.503906 0.757812 0.488281 0.755859 0.449219
15 0.560547 0.583984 0.554688 0.580078 0.554688 0.568359 0.548828 0.558594 0.537109 0.560547 0.537109 0.566406 0.521484 0.572266 0.519531 0.578125 0.486328 0.591797 0.488281 0.597656 0.474609 0.601562 0.476562 0.605469 0.544922 0.607422 0.558594 0.601562 0.554688 0.597656
15 0.679688 0.445312 0.662109 0.447266 0.650391 0.466797 0.628906 0.478516 0.646484 0.501953 0.626953 0.527344 0.642578 0.583984 0.621094 0.593750 0.654297 0.585938 0.677734 0.546875 0.677734 0.503906 0.689453 0.494141 0.687500 0.460938
15 0.304688 0.439453 0.296875 0.490234 0.289062 0.496094 0.271484 0.482422 0.267578 0.501953 0.275391 0.521484 0.298828 0.535156 0.318359 0.529297 0.343750 0.587891 0.376953 0.599609 0.398438 0.593750 0.396484 0.583984 0.357422 0.574219 0.355469 0.546875 0.345703 0.539062 0.351562 0.515625 0.335938 0.515625 0.328125 0.500000 0.335938 0.484375 0.314453 0.464844 0.318359 0.453125
16 0.263672 0.505859 0.326172 0.585938 0.414062 0.630859 0.578125 0.634766 0.666016 0.585938 0.716797 0.419922 0.705078 0.396484 0.308594 0.390625 0.298828 0.429688 0.353516 0.515625 0.357422 0.570312 0.404297 0.587891 0.382812 0.601562
17 0.724609 0.789062 0.708984 0.804688 0.710938 0.898438 0.728516 0.912109 0.771484 0.912109 0.783203 0.888672 0.777344 0.802734 0.765625 0.792969
17 0.218750 0.792969 0.212891 0.800781 0.216797 0.890625 0.234375 0.904297 0.255859 0.908203 0.271484 0.904297 0.283203 0.890625 0.287109 0.867188 0.279297 0.798828 0.261719 0.789062
