4 0.296875 0.234375 0.259766 0.236328 0.244141 0.250000 0.207031 0.416016 0.224609 0.521484 0.265625 0.541016 0.263672 0.402344
6 0.878906 0.521484 0.865234 0.496094 0.818359 0.509766 0.816406 0.437500 0.632812 0.460938 0.681641 0.507812 0.677734 0.542969 0.472656 0.544922 0.500000 0.681641 0.523438 0.701172 0.611328 0.701172 0.830078 0.652344 0.867188 0.613281
7 0.361328 0.236328 0.378906 0.298828 0.416016 0.355469 0.667969 0.343750 0.585938 0.230469 0.404297 0.226562
9 0.837891 0.423828 0.832031 0.423828 0.816406 0.443359 0.818359 0.501953 0.822266 0.511719 0.833984 0.511719 0.849609 0.505859 0.863281 0.494141 0.855469 0.443359
10 0.333984 0.228516 0.304688 0.232422 0.291016 0.263672 0.265625 0.402344 0.267578 0.505859 0.277344 0.546875 0.355469 0.578125 0.367188 0.558594 0.373047 0.355469 0.351562 0.246094
11 0.511719 0.449219 0.507812 0.470703 0.527344 0.542969 0.644531 0.541016 0.626953 0.468750 0.619141 0.460938 0.529297 0.443359
12 0.835938 0.419922 0.814453 0.396484 0.695312 0.347656 0.423828 0.363281 0.531250 0.437500 0.634766 0.458984 0.796875 0.441406
16 0.185547 0.371094 0.169922 0.371094 0.167969 0.376953 0.158203 0.382812 0.146484 0.378906 0.140625 0.388672 0.138672 0.417969 0.144531 0.451172 0.156250 0.464844 0.162109 0.460938 0.169922 0.423828 0.181641 0.416016 0.187500 0.406250 0.185547 0.392578 0.189453 0.388672 0.189453 0.375000
17 0.435547 0.531250 0.396484 0.548828 0.382812 0.626953 0.410156 0.755859 0.441406 0.787109 0.472656 0.791016 0.503906 0.769531 0.517578 0.707031 0.492188 0.677734 0.464844 0.554688 0.449219 0.533203
17 0.197266 0.472656 0.183594 0.478516 0.173828 0.492188 0.177734 0.599609 0.197266 0.628906 0.218750 0.632812 0.230469 0.626953 0.238281 0.613281 0.240234 0.587891 0.218750 0.544922 0.207031 0.478516
