4 0.437500 0.373047 0.328125 0.376953 0.283203 0.414062 0.277344 0.638672 0.304688 0.703125 0.414062 0.710938
6 0.794922 0.587891 0.781250 0.658203 0.806641 0.744141 0.849609 0.753906 0.851562 0.767578 0.947266 0.750000 0.968750 0.714844 0.984375 0.714844 0.964844 0.701172 0.984375 0.669922 0.982422 0.636719 0.968750 0.623047 0.960938 0.632812 0.937500 0.621094 0.917969 0.628906
7 0.572266 0.384766 0.574219 0.396484 0.619141 0.441406 0.644531 0.482422 0.707031 0.494141 0.732422 0.492188 0.722656 0.468750 0.656250 0.406250 0.603516 0.386719
10 0.447266 0.373047 0.419922 0.529297 0.416016 0.710938 0.589844 0.734375 0.603516 0.687500 0.605469 0.482422 0.533203 0.388672
11 0.785156 0.546875 0.791016 0.574219 0.820312 0.595703 0.843750 0.605469 0.906250 0.615234 0.898438 0.591797 0.878906 0.560547
12 0.833984 0.517578 0.845703 0.531250 0.845703 0.541016 0.857422 0.546875 0.896484 0.554688 0.925781 0.550781 0.947266 0.552734 0.945312 0.544922 0.908203 0.529297
16 0.044922 0.505859 0.044922 0.634766 0.060547 0.681641 0.101562 0.691406 0.138672 0.605469 0.177734 0.587891 0.214844 0.621094 0.246094 0.718750 0.277344 0.705078 0.253906 0.507812
17 0.306641 0.734375 0.306641 0.750000 0.320312 0.775391 0.332031 0.787109 0.349609 0.792969 0.378906 0.783203 0.388672 0.773438 0.400391 0.750000 0.400391 0.734375 0.388672 0.730469 0.326172 0.726562
17 0.707031 0.656250 0.660156 0.687500 0.642578 0.726562 0.638672 0.767578 0.666016 0.845703 0.693359 0.871094 0.732422 0.876953 0.755859 0.869141 0.800781 0.808594 0.800781 0.777344 0.767578 0.679688
17 0.167969 0.634766 0.132812 0.666016 0.123047 0.724609 0.146484 0.802734 0.156250 0.812500 0.183594 0.816406 0.203125 0.812500 0.214844 0.800781 0.234375 0.761719 0.234375 0.740234 0.208984 0.652344 0.189453 0.636719
