0 0.136719 0.705078 0.140625 0.714844 0.181641 0.718750 0.197266 0.726562 0.250000 0.726562 0.281250 0.712891 0.275391 0.707031 0.279297 0.703125 0.275391 0.691406 0.244141 0.689453 0.232422 0.677734 0.205078 0.669922 0.181641 0.671875 0.169922 0.681641 0.150391 0.677734 0.142578 0.691406 0.148438 0.693359
1 0.486328 0.322266 0.462891 0.318359 0.441406 0.330078 0.398438 0.333984 0.384766 0.341797 0.375000 0.376953 0.378906 0.414062 0.416016 0.417969 0.496094 0.398438 0.501953 0.349609 0.484375 0.335938
4 0.521484 0.310547 0.509766 0.318359 0.503906 0.347656 0.500000 0.402344 0.509766 0.408203 0.531250 0.404297 0.531250 0.394531 0.541016 0.382812 0.539062 0.365234 0.525391 0.337891 0.525391 0.316406
4 0.597656 0.308594 0.626953 0.666016 0.650391 0.677734 0.738281 0.669922 0.738281 0.476562 0.705078 0.316406
5 0.238281 0.447266 0.232422 0.462891 0.238281 0.496094 0.234375 0.556641 0.244141 0.591797 0.261719 0.613281 0.271484 0.605469 0.267578 0.470703 0.257812 0.447266
10 0.707031 0.316406 0.740234 0.476562 0.740234 0.669922 0.843750 0.666016 0.867188 0.615234 0.869141 0.523438 0.839844 0.417969 0.773438 0.343750
16 0.576172 0.464844 0.462891 0.421875 0.259766 0.429688 0.261719 0.615234 0.230469 0.439453 0.070312 0.453125 0.058594 0.607422 0.125000 0.669922 0.384766 0.724609 0.431641 0.595703 0.484375 0.552734 0.593750 0.658203
17 0.199219 0.759766 0.207031 0.783203 0.220703 0.800781 0.244141 0.808594 0.294922 0.800781 0.312500 0.773438 0.312500 0.763672 0.300781 0.755859 0.291016 0.755859 0.277344 0.765625 0.255859 0.771484 0.212891 0.751953
17 0.492188 0.621094 0.441406 0.640625 0.416016 0.708984 0.400391 0.792969 0.412109 0.843750 0.433594 0.861328 0.480469 0.863281 0.503906 0.853516 0.542969 0.783203 0.550781 0.726562 0.541016 0.679688 0.521484 0.640625
17 0.919922 0.591797 0.908203 0.591797 0.892578 0.605469 0.873047 0.673828 0.849609 0.718750 0.863281 0.757812 0.890625 0.769531 0.933594 0.761719 0.949219 0.744141 0.962891 0.707031 0.964844 0.660156 0.941406 0.609375
