0 0.779297 0.640625 0.751953 0.634766 0.736328 0.640625 0.707031 0.640625 0.683594 0.650391 0.675781 0.679688 0.677734 0.697266 0.693359 0.701172 0.707031 0.689453 0.761719 0.699219 0.759766 0.687500 0.767578 0.671875 0.767578 0.658203
1 0.603516 0.396484 0.603516 0.406250 0.623047 0.425781 0.638672 0.460938 0.662109 0.480469 0.683594 0.474609 0.693359 0.453125 0.705078 0.451172 0.708984 0.441406 0.726562 0.455078 0.726562 0.445312 0.746094 0.429688 0.742188 0.419922 0.722656 0.408203 0.695312 0.412109 0.681641 0.421875 0.660156 0.396484 0.644531 0.390625
2 0.544922 0.394531 0.470703 0.410156 0.431641 0.595703 0.435547 0.712891 0.515625 0.714844 0.537109 0.636719 0.582031 0.583984 0.593750 0.470703
3 0.720703 0.494141 0.710938 0.511719 0.712891 0.583984 0.765625 0.607422 0.769531 0.597656 0.757812 0.523438 0.742188 0.503906
4 0.787109 0.298828 0.771484 0.310547 0.763672 0.308594 0.753906 0.314453 0.718750 0.353516 0.718750 0.400391 0.734375 0.414062 0.748047 0.408203 0.755859 0.365234 0.761719 0.359375 0.779297 0.357422 0.777344 0.333984 0.769531 0.316406 0.773438 0.310547 0.787109 0.314453 0.794922 0.306641
8 0.468750 0.410156 0.435547 0.414062 0.386719 0.447266 0.310547 0.544922 0.298828 0.658203 0.314453 0.712891 0.433594 0.712891 0.429688 0.595703
16 0.859375 0.576172 0.787109 0.568359 0.783203 0.644531 0.761719 0.701172 0.708984 0.691406 0.679688 0.703125 0.683594 0.636719 0.664062 0.632812 0.675781 0.740234 0.712891 0.750000 0.832031 0.693359 0.861328 0.701172
17 0.828125 0.753906 0.767578 0.755859 0.734375 0.767578 0.722656 0.777344 0.720703 0.785156 0.730469 0.806641 0.744141 0.820312 0.781250 0.830078 0.808594 0.814453 0.820312 0.796875 0.830078 0.767578
17 0.587891 0.648438 0.556641 0.667969 0.541016 0.701172 0.544922 0.798828 0.578125 0.851562 0.541016 0.878906 0.548828 0.986328 0.595703 0.998047 0.632812 0.980469 0.613281 0.964844 0.607422 0.933594 0.630859 0.886719 0.605469 0.859375 0.644531 0.837891 0.664062 0.775391 0.634766 0.675781
17 0.246094 0.648438 0.226562 0.656250 0.207031 0.681641 0.201172 0.707031 0.205078 0.755859 0.212891 0.781250 0.230469 0.802734 0.281250 0.812500 0.308594 0.783203 0.310547 0.757812 0.277344 0.664062
