8 0.410938 0.259570 0.459180 0.258594 0.515430 0.261914 0.586719 0.271094 0.646289 0.332031 0.676172 0.375781 0.566016 0.374609 0.441797 0.377930 0.415430 0.290625
13 0.452148 0.380273 0.470508 0.395313 0.505078 0.400977 0.554492 0.442383 0.617578 0.451562 0.652148 0.451562 0.664844 0.444531 0.765820 0.438867 0.775000 0.445703 0.788867 0.446875 0.808398 0.441211 0.788867 0.426172 0.754297 0.406641 0.708398 0.390625 0.682031 0.376758 0.657813 0.374609 0.475195 0.376758
12 0.561328 0.445703 0.519922 0.445703 0.518750 0.461914 0.529102 0.482617 0.547656 0.502148 0.586719 0.518164 0.614258 0.525000 0.656641 0.522656 0.625781 0.464062 0.609570 0.451562 0.607227 0.453906 0.580859 0.448047
10 0.791211 0.449219 0.786523 0.518164 0.819922 0.508984 0.826758 0.456055 0.814063 0.437695
7 0.532617 0.492969 0.497070 0.521680 0.483203 0.540039 0.503906 0.592773 0.510742 0.637695 0.511914 0.668750 0.517773 0.688281 0.617578 0.692773 0.679688 0.687109 0.750977 0.675586 0.788867 0.673242 0.838281 0.652539 0.840625 0.631836 0.835938 0.556055 0.839453 0.532031 0.837109 0.519336 0.826758 0.498633 0.816406 0.508984 0.799219 0.516992 0.787695 0.516992 0.791211 0.450391 0.776172 0.450391 0.765820 0.440039 0.666992 0.446875 0.654492 0.454883 0.619922 0.459570 0.638281 0.482617 0.664844 0.525000 0.610742 0.525000 0.549805 0.506641
18 0.220703 0.499805 0.197656 0.510156 0.182812 0.541211 0.179297 0.581250 0.180469 0.622656 0.186328 0.656055 0.198828 0.687109 0.229883 0.692773 0.252930 0.683594 0.260937 0.631836 0.242578 0.615820 0.241406 0.554883 0.235547 0.521680
2 0.181641 0.356250 0.198828 0.360742 0.237891 0.297656 0.260937 0.267773 0.219531 0.272266 0.194336 0.332031
5 0.216016 0.469922 0.216016 0.441211 0.224219 0.396289 0.224219 0.361914 0.240234 0.328516 0.288477 0.255078 0.310352 0.250391 0.340234 0.250391 0.323047 0.336719 0.319531 0.373437 0.312695 0.388281 0.305664 0.483594 0.306836 0.537695 0.304492 0.557227 0.310352 0.585938 0.279297 0.579102 0.247070 0.577930 0.243750 0.537695 0.233398 0.503125
15 0.408008 0.384961 0.396484 0.373437 0.363086 0.367578 0.362109 0.342383 0.394141 0.345898 0.403320 0.363086 0.409180 0.359570
11 0.314844 0.589453 0.401172 0.618164 0.398828 0.581250 0.405664 0.514648 0.409180 0.438867 0.419531 0.395313 0.422852 0.353906 0.409180 0.311328 0.388477 0.261914 0.374609 0.255078 0.344727 0.249219 0.326367 0.321680 0.308008 0.432031 0.305664 0.546875 0.308008 0.569922
