0 0.501953 0.613281 0.490234 0.636719 0.505859 0.664062 0.478516 0.710938 0.507812 0.720703 0.527344 0.744141 0.585938 0.728516 0.599609 0.703125 0.626953 0.681641 0.621094 0.666016 0.601562 0.664062 0.576172 0.675781 0.537109 0.673828 0.531250 0.664062 0.535156 0.626953
1 0.386719 0.400391 0.435547 0.410156 0.457031 0.394531 0.472656 0.410156 0.533203 0.410156 0.558594 0.396484 0.576172 0.351562 0.566406 0.332031 0.414062 0.316406 0.394531 0.322266 0.388672 0.335938
2 0.320312 0.328125 0.289062 0.328125 0.253906 0.470703 0.248047 0.578125 0.261719 0.632812 0.287109 0.613281 0.306641 0.472656 0.330078 0.394531 0.332031 0.343750
3 0.535156 0.488281 0.503906 0.492188 0.494141 0.509766 0.494141 0.548828 0.501953 0.599609 0.511719 0.613281 0.523438 0.617188 0.539062 0.613281 0.539062 0.501953
8 0.261719 0.324219 0.234375 0.349609 0.185547 0.451172 0.171875 0.570312 0.189453 0.625000 0.285156 0.642578 0.296875 0.636719 0.291016 0.619141 0.261719 0.634766 0.246094 0.587891 0.250000 0.484375 0.281250 0.337891
16 0.521484 0.451172 0.332031 0.451172 0.296875 0.578125 0.298828 0.638672 0.283203 0.644531 0.337891 0.675781 0.357422 0.585938 0.398438 0.576172 0.447266 0.699219 0.474609 0.708984 0.501953 0.667969 0.476562 0.615234 0.480469 0.523438
16 0.541016 0.449219 0.544922 0.607422 0.505859 0.611328 0.541016 0.628906 0.554688 0.671875 0.654297 0.648438 0.816406 0.652344 0.845703 0.638672 0.843750 0.453125
17 0.761719 0.740234 0.740234 0.750000 0.712891 0.744141 0.691406 0.767578 0.669922 0.775391 0.666016 0.792969 0.693359 0.833984 0.732422 0.828125 0.748047 0.814453 0.765625 0.763672
17 0.386719 0.626953 0.369141 0.638672 0.355469 0.673828 0.353516 0.794922 0.373047 0.849609 0.386719 0.863281 0.412109 0.869141 0.443359 0.851562 0.449219 0.791016 0.429688 0.742188 0.417969 0.664062 0.406250 0.636719
17 0.136719 0.556641 0.125000 0.580078 0.126953 0.703125 0.138672 0.730469 0.173828 0.736328 0.187500 0.712891 0.189453 0.685547 0.167969 0.650391 0.156250 0.572266
