2 0.699219 0.318359 0.736328 0.517578 0.730469 0.671875 0.748047 0.677734 0.796875 0.654297 0.798828 0.568359 0.750000 0.320312
6 0.173828 0.554688 0.150391 0.662109 0.175781 0.718750 0.234375 0.705078 0.253906 0.738281 0.441406 0.796875 0.472656 0.787109 0.433594 0.775391 0.437500 0.751953 0.507812 0.781250 0.537109 0.755859 0.564453 0.630859 0.429688 0.621094 0.441406 0.593750 0.476562 0.587891 0.441406 0.562500 0.447266 0.531250 0.224609 0.511719 0.214844 0.552734
7 0.298828 0.435547 0.472656 0.439453 0.607422 0.458984 0.619141 0.447266 0.636719 0.320312 0.386719 0.308594
8 0.673828 0.314453 0.650391 0.322266 0.638672 0.443359 0.636719 0.689453 0.646484 0.697266 0.728516 0.669922 0.728516 0.466797 0.699219 0.320312
9 0.541016 0.529297 0.525391 0.519531 0.451172 0.533203 0.439453 0.554688 0.455078 0.576172 0.480469 0.585938 0.470703 0.593750 0.441406 0.595703 0.429688 0.619141 0.527344 0.623047 0.521484 0.587891 0.541016 0.568359
12 0.191406 0.492188 0.228516 0.511719 0.371094 0.509766 0.449219 0.531250 0.517578 0.521484 0.603516 0.460938 0.333984 0.437500 0.232422 0.462891
16 0.804688 0.458984 0.792969 0.486328 0.808594 0.591797 0.826172 0.564453 0.841797 0.556641 0.876953 0.617188 0.890625 0.589844 0.898438 0.505859 0.886719 0.492188 0.882812 0.462891 0.859375 0.451172
17 0.181641 0.732422 0.169922 0.785156 0.175781 0.824219 0.212891 0.835938 0.257812 0.835938 0.273438 0.800781 0.273438 0.753906 0.251953 0.746094 0.240234 0.728516 0.207031 0.736328
17 0.593750 0.638672 0.572266 0.648438 0.544922 0.767578 0.515625 0.796875 0.533203 0.869141 0.548828 0.882812 0.597656 0.878906 0.619141 0.820312 0.621094 0.683594 0.607422 0.648438
17 0.835938 0.601562 0.824219 0.601562 0.818359 0.609375 0.808594 0.673828 0.781250 0.740234 0.789062 0.781250 0.810547 0.792969 0.832031 0.791016 0.839844 0.783203 0.853516 0.740234 0.855469 0.636719 0.847656 0.609375
