4 0.343750 0.292969 0.271484 0.304688 0.195312 0.384766 0.193359 0.498047 0.234375 0.679688 0.294922 0.683594 0.285156 0.484375
6 0.511719 0.625000 0.548828 0.773438 0.855469 0.791016 0.910156 0.777344 0.939453 0.740234 0.931641 0.640625 0.869141 0.640625 0.896484 0.576172 0.656250 0.558594 0.693359 0.638672 0.535156 0.611328
7 0.433594 0.322266 0.464844 0.431641 0.500000 0.460938 0.759766 0.482422 0.736328 0.425781 0.652344 0.337891 0.496094 0.314453
9 0.908203 0.570312 0.898438 0.574219 0.890625 0.605469 0.880859 0.613281 0.873047 0.626953 0.871094 0.640625 0.876953 0.646484 0.908203 0.646484 0.923828 0.642578 0.931641 0.636719 0.925781 0.589844
10 0.351562 0.292969 0.289062 0.468750 0.294922 0.673828 0.320312 0.699219 0.398438 0.720703 0.406250 0.566406 0.437500 0.410156 0.408203 0.312500
11 0.542969 0.529297 0.542969 0.544922 0.566406 0.587891 0.570312 0.611328 0.669922 0.634766 0.693359 0.632812 0.652344 0.566406 0.558594 0.525391
12 0.496094 0.464844 0.654297 0.558594 0.900391 0.570312 0.871094 0.533203 0.779297 0.488281
17 0.789062 0.826172 0.781250 0.835938 0.781250 0.861328 0.789062 0.888672 0.798828 0.898438 0.814453 0.904297 0.843750 0.906250 0.851562 0.902344 0.869141 0.873047 0.871094 0.833984 0.859375 0.828125
17 0.468750 0.625000 0.449219 0.634766 0.439453 0.664062 0.439453 0.851562 0.458984 0.888672 0.507812 0.896484 0.533203 0.880859 0.533203 0.808594 0.503906 0.636719 0.492188 0.625000
17 0.177734 0.582031 0.158203 0.599609 0.146484 0.634766 0.144531 0.740234 0.158203 0.789062 0.197266 0.802734 0.222656 0.791016 0.234375 0.746094 0.218750 0.712891 0.201172 0.597656 0.191406 0.583984
