4 0.351562 0.289062 0.273438 0.294922 0.251953 0.322266 0.218750 0.458984 0.220703 0.597656 0.236328 0.623047 0.310547 0.630859 0.302734 0.498047
6 0.908203 0.537109 0.890625 0.541016 0.886719 0.521484 0.761719 0.523438 0.757812 0.568359 0.714844 0.583984 0.744141 0.601562 0.736328 0.615234 0.666016 0.623047 0.628906 0.607422 0.644531 0.730469 0.687500 0.775391 0.714844 0.742188 0.777344 0.744141 0.906250 0.707031 0.900391 0.675781 0.925781 0.628906
7 0.445312 0.300781 0.488281 0.402344 0.515625 0.423828 0.724609 0.435547 0.734375 0.410156 0.767578 0.421875 0.765625 0.447266 0.833984 0.447266 0.828125 0.433594 0.802734 0.439453 0.820312 0.427734 0.808594 0.406250 0.769531 0.419922 0.769531 0.398438 0.730469 0.394531 0.714844 0.410156 0.615234 0.312500
10 0.361328 0.289062 0.304688 0.498047 0.312500 0.632812 0.464844 0.673828 0.470703 0.416016 0.427734 0.298828
11 0.648438 0.525391 0.658203 0.541016 0.683594 0.550781 0.691406 0.570312 0.697266 0.574219 0.707031 0.574219 0.714844 0.568359 0.736328 0.570312 0.746094 0.564453 0.750000 0.554688 0.751953 0.529297 0.736328 0.521484 0.699219 0.517578 0.664062 0.505859
12 0.550781 0.435547 0.591797 0.468750 0.656250 0.474609 0.693359 0.505859 0.751953 0.519531 0.873047 0.523438 0.898438 0.503906 0.851562 0.472656 0.724609 0.437500
16 0.085938 0.421875 0.066406 0.480469 0.068359 0.550781 0.097656 0.587891 0.121094 0.519531 0.144531 0.513672 0.167969 0.537109 0.197266 0.603516 0.205078 0.425781
17 0.865234 0.740234 0.851562 0.748047 0.814453 0.744141 0.794922 0.748047 0.763672 0.765625 0.761719 0.783203 0.773438 0.798828 0.787109 0.806641 0.804688 0.810547 0.830078 0.808594 0.855469 0.789062 0.865234 0.765625
17 0.556641 0.613281 0.525391 0.630859 0.501953 0.671875 0.498047 0.775391 0.529297 0.853516 0.593750 0.876953 0.632812 0.847656 0.648438 0.781250 0.615234 0.636719 0.587891 0.617188
17 0.140625 0.550781 0.125000 0.558594 0.117188 0.578125 0.117188 0.675781 0.138672 0.720703 0.169922 0.724609 0.191406 0.701172 0.193359 0.662109 0.164062 0.562500
