8 0.397852 0.412891 0.470703 0.400781 0.535352 0.403516 0.508398 0.427734 0.470703 0.478906 0.442383 0.503125 0.414062 0.504492 0.397852 0.499219 0.294141 0.500391 0.384375 0.425000
13 0.441016 0.505859 0.423438 0.528711 0.325195 0.543555 0.303516 0.549023 0.295508 0.557031 0.198633 0.565039 0.186328 0.561133 0.105664 0.561133 0.116406 0.542188 0.178320 0.519336 0.217383 0.511328 0.277930 0.501758 0.337305 0.497852 0.392578 0.497852 0.415430 0.505859
10 0.202539 0.569141 0.214648 0.593359 0.209375 0.617578 0.280664 0.610938 0.296875 0.601562 0.306250 0.578516 0.322461 0.565039 0.259180 0.559766 0.228125 0.563867
7 0.300977 0.602930 0.316992 0.617578 0.356055 0.641992 0.330469 0.687695 0.311719 0.748242 0.284766 0.759180 0.236328 0.767188 0.234961 0.780664 0.264453 0.795508 0.271289 0.810352 0.220117 0.812891 0.136523 0.780664 0.107031 0.765820 0.081445 0.746875 0.074609 0.711914 0.078711 0.652734 0.089453 0.636523 0.085352 0.608203 0.090820 0.579883 0.102930 0.561133 0.171680 0.557031 0.199805 0.563867 0.214648 0.594727 0.209375 0.618945 0.282031 0.612305
14 0.500195 0.528711 0.515039 0.530078 0.535352 0.517969 0.566211 0.513867 0.560937 0.472266 0.523242 0.468164 0.504297 0.474805 0.490820 0.489648 0.489453 0.509961
9 0.489453 0.581250 0.496289 0.746875 0.511133 0.759180 0.634961 0.750977 0.647070 0.717383 0.647070 0.686328 0.642969 0.662109 0.642969 0.585352 0.626953 0.460156 0.614844 0.399414 0.567578 0.399414 0.547461 0.406250 0.525781 0.423633 0.490820 0.470898 0.485547 0.488281 0.489453 0.554297
3 0.660547 0.407617 0.715820 0.419727 0.725195 0.445312 0.734570 0.485742 0.749414 0.562500 0.753516 0.610938 0.746680 0.703906 0.742773 0.726758 0.732031 0.741602 0.640430 0.752344 0.647070 0.721289 0.648438 0.690430 0.644336 0.668750 0.644336 0.571875 0.634961 0.520703 0.629492 0.461328 0.620117 0.412891 0.614844 0.399414 0.636328 0.400781
17 0.756250 0.531445 0.762891 0.557031 0.766992 0.590625 0.762891 0.674219 0.754883 0.728125 0.744141 0.753711 0.768359 0.757812 0.781836 0.722656 0.795312 0.666211 0.816797 0.629687 0.843750 0.625781 0.858594 0.633789 0.872070 0.660742 0.878711 0.683594 0.885547 0.736133 0.908398 0.728125 0.915234 0.716016 0.920508 0.689063 0.921875 0.667578 0.911133 0.644531 0.905664 0.558398 0.919141 0.561133 0.909766 0.538281 0.801953 0.532813
4 0.917773 0.558398 0.905664 0.561133 0.912500 0.644531 0.919141 0.662109 0.921875 0.588086
18 0.302734 0.767578 0.333789 0.706641 0.360156 0.679297 0.392773 0.664844 0.426367 0.673828 0.452734 0.719336 0.464648 0.760156 0.468359 0.814844 0.461914 0.867578 0.441992 0.901172 0.422852 0.921094 0.370117 0.928320 0.342773 0.926562 0.323828 0.908398 0.313086 0.888867 0.302344 0.857227 0.299805 0.775195
18 0.810156 0.681055 0.836523 0.678320 0.857422 0.693945 0.865625 0.717578 0.871875 0.756641 0.870117 0.819336 0.850195 0.872070 0.828320 0.880273 0.802734 0.879297 0.786523 0.870313 0.768359 0.853906 0.754687 0.814844 0.755469 0.785742 0.791992 0.701172 0.807422 0.684766
18 0.109180 0.774219 0.221094 0.816602 0.259180 0.815625 0.250195 0.846680 0.224609 0.864844 0.204687 0.873047 0.173828 0.873828 0.155469 0.871094 0.131836 0.841992 0.115625 0.812891
18 0.563672 0.810156 0.653711 0.803906 0.648242 0.823828 0.636523 0.841211 0.620117 0.845703 0.600195 0.843945 0.582812 0.835742 0.562891 0.809375
