1 0.246094 0.314453 0.154297 0.320312 0.132812 0.359375 0.123047 0.398438 0.146484 0.417969 0.169922 0.419922 0.191406 0.384766 0.207031 0.380859 0.222656 0.367188 0.244141 0.330078
4 0.351562 0.298828 0.250000 0.314453 0.201172 0.390625 0.203125 0.544922 0.232422 0.636719 0.318359 0.644531 0.316406 0.476562
6 0.875000 0.513672 0.732422 0.507812 0.746094 0.572266 0.630859 0.580078 0.617188 0.636719 0.634766 0.707031 0.755859 0.728516 0.878906 0.691406 0.914062 0.634766 0.898438 0.628906 0.912109 0.607422
7 0.462891 0.314453 0.519531 0.417969 0.611328 0.435547 0.705078 0.435547 0.693359 0.406250 0.636719 0.335938 0.613281 0.320312 0.505859 0.306641
10 0.359375 0.296875 0.318359 0.478516 0.320312 0.644531 0.464844 0.660156 0.476562 0.589844 0.464844 0.396484 0.425781 0.302734
11 0.638672 0.492188 0.656250 0.531250 0.662109 0.556641 0.669922 0.566406 0.687500 0.572266 0.734375 0.570312 0.736328 0.550781 0.730469 0.529297 0.707031 0.500000 0.675781 0.488281 0.644531 0.488281
12 0.597656 0.439453 0.636719 0.466797 0.683594 0.472656 0.730469 0.505859 0.873047 0.503906 0.859375 0.486328 0.751953 0.441406
16 0.177734 0.460938 0.130859 0.468750 0.142578 0.484375 0.126953 0.494141 0.125000 0.521484 0.109375 0.531250 0.103516 0.529297 0.105469 0.494141 0.099609 0.486328 0.097656 0.509766 0.083984 0.517578 0.091797 0.539062 0.103516 0.537109 0.111328 0.546875 0.117188 0.576172 0.125000 0.523438 0.144531 0.505859 0.175781 0.509766 0.187500 0.492188 0.187500 0.472656
17 0.865234 0.708984 0.849609 0.708984 0.804688 0.730469 0.748047 0.740234 0.744141 0.761719 0.759766 0.791016 0.775391 0.804688 0.794922 0.810547 0.822266 0.810547 0.841797 0.800781 0.855469 0.785156 0.865234 0.759766
17 0.550781 0.605469 0.521484 0.623047 0.498047 0.671875 0.503906 0.783203 0.529297 0.824219 0.597656 0.835938 0.617188 0.824219 0.628906 0.781250 0.625000 0.716797 0.601562 0.626953 0.582031 0.609375
17 0.166016 0.578125 0.142578 0.593750 0.132812 0.615234 0.126953 0.683594 0.150391 0.753906 0.171875 0.767578 0.199219 0.769531 0.220703 0.750000 0.228516 0.697266 0.210938 0.667969 0.195312 0.587891
