0 0.914062 0.613281 0.900391 0.609375 0.867188 0.654297 0.726562 0.669922 0.689453 0.626953 0.621094 0.611328 0.621094 0.638672 0.560547 0.679688 0.576172 0.802734 0.625000 0.812500 0.705078 0.800781 0.728516 0.781250 0.865234 0.785156 0.912109 0.769531 0.937500 0.703125
1 0.505859 0.335938 0.548828 0.425781 0.572266 0.441406 0.625000 0.398438 0.646484 0.447266 0.667969 0.458984 0.894531 0.458984 0.851562 0.357422 0.812500 0.316406 0.636719 0.312500 0.611328 0.330078
2 0.431641 0.318359 0.369141 0.328125 0.318359 0.513672 0.330078 0.748047 0.408203 0.750000 0.421875 0.654297 0.466797 0.601562 0.490234 0.441406 0.464844 0.347656
3 0.619141 0.490234 0.607422 0.517578 0.601562 0.597656 0.691406 0.619141 0.664062 0.503906 0.656250 0.496094 0.636719 0.498047
5 0.908203 0.496094 0.902344 0.511719 0.900391 0.603516 0.902344 0.607422 0.916016 0.607422 0.921875 0.593750 0.917969 0.554688 0.923828 0.542969 0.917969 0.509766
8 0.365234 0.328125 0.306641 0.353516 0.261719 0.398438 0.177734 0.527344 0.160156 0.611328 0.185547 0.736328 0.318359 0.742188 0.314453 0.523438
15 0.886719 0.466797 0.687500 0.460938 0.765625 0.466797 0.779297 0.492188 0.761719 0.533203 0.699219 0.548828 0.667969 0.503906 0.695312 0.621094 0.763672 0.660156 0.835938 0.654297 0.873047 0.630859 0.898438 0.496094
16 0.662109 0.470703 0.664062 0.482422 0.658203 0.492188 0.673828 0.505859 0.695312 0.546875 0.707031 0.535156 0.722656 0.542969 0.746094 0.539062 0.775391 0.517578 0.777344 0.492188 0.765625 0.468750 0.675781 0.464844
17 0.851562 0.794922 0.802734 0.794922 0.767578 0.818359 0.720703 0.808594 0.714844 0.824219 0.732422 0.876953 0.751953 0.896484 0.769531 0.902344 0.804688 0.902344 0.826172 0.892578 0.845703 0.861328 0.855469 0.812500
17 0.482422 0.675781 0.455078 0.695312 0.435547 0.732422 0.431641 0.855469 0.470703 0.929688 0.517578 0.939453 0.558594 0.914062 0.576172 0.833984 0.554688 0.798828 0.525391 0.691406
17 0.115234 0.650391 0.095703 0.662109 0.082031 0.699219 0.082031 0.796875 0.093750 0.816406 0.111328 0.822266 0.113281 0.847656 0.140625 0.865234 0.160156 0.865234 0.179688 0.849609 0.191406 0.802734 0.167969 0.775391 0.146484 0.667969 0.134766 0.652344
