2 0.669922 0.236328 0.707031 0.435547 0.703125 0.601562 0.714844 0.623047 0.757812 0.599609 0.755859 0.392578 0.724609 0.259766 0.707031 0.242188
6 0.150391 0.513672 0.156250 0.642578 0.193359 0.685547 0.417969 0.705078 0.515625 0.681641 0.546875 0.546875 0.515625 0.482422 0.402344 0.519531 0.427734 0.443359 0.207031 0.441406 0.201172 0.500000
7 0.601562 0.248047 0.386719 0.250000 0.353516 0.281250 0.296875 0.376953 0.572266 0.376953
8 0.667969 0.238281 0.619141 0.251953 0.605469 0.316406 0.628906 0.642578 0.707031 0.623047 0.705078 0.435547
9 0.519531 0.433594 0.460938 0.445312 0.429688 0.445312 0.408203 0.478516 0.398438 0.515625 0.453125 0.509766 0.498047 0.496094 0.519531 0.474609
12 0.570312 0.378906 0.294922 0.378906 0.214844 0.412109 0.199219 0.433594 0.474609 0.439453 0.515625 0.431641 0.529297 0.404297
16 0.867188 0.390625 0.767578 0.394531 0.769531 0.601562 0.810547 0.501953 0.824219 0.509766 0.845703 0.587891 0.865234 0.572266 0.880859 0.414062
17 0.175781 0.689453 0.173828 0.707031 0.197266 0.785156 0.218750 0.792969 0.275391 0.792969 0.289062 0.785156 0.308594 0.750000 0.308594 0.730469 0.300781 0.716797 0.263672 0.707031 0.234375 0.707031 0.185547 0.687500
17 0.562500 0.554688 0.550781 0.556641 0.533203 0.605469 0.525391 0.677734 0.486328 0.712891 0.480469 0.734375 0.492188 0.792969 0.527344 0.808594 0.589844 0.796875 0.617188 0.720703 0.597656 0.593750
17 0.810547 0.544922 0.796875 0.550781 0.783203 0.625000 0.763672 0.656250 0.757812 0.681641 0.759766 0.726562 0.781250 0.740234 0.812500 0.736328 0.824219 0.707031 0.830078 0.611328 0.822266 0.560547
