0 0.767578 0.431641 0.712891 0.445312 0.681641 0.580078 0.562500 0.621094 0.281250 0.611328 0.216797 0.480469 0.173828 0.562500 0.181641 0.781250 0.292969 0.810547 0.298828 0.777344 0.359375 0.818359 0.759766 0.787109 0.792969 0.515625
1 0.720703 0.283203 0.699219 0.214844 0.646484 0.173828 0.322266 0.177734 0.277344 0.208984 0.238281 0.312500 0.279297 0.283203 0.302734 0.330078 0.490234 0.355469 0.654297 0.343750 0.716797 0.318359
3 0.234375 0.332031 0.228516 0.332031 0.210938 0.349609 0.189453 0.394531 0.187500 0.435547 0.191406 0.439453 0.234375 0.439453 0.238281 0.435547 0.238281 0.375000 0.226562 0.357422
5 0.712891 0.373047 0.707031 0.394531 0.707031 0.416016 0.703125 0.423828 0.707031 0.433594 0.712891 0.439453 0.746094 0.439453 0.759766 0.431641 0.763672 0.425781 0.763672 0.412109 0.757812 0.406250 0.753906 0.392578 0.746094 0.384766 0.736328 0.388672 0.724609 0.386719 0.716797 0.373047
13 0.773438 0.345703 0.771484 0.361328 0.779297 0.371094 0.779297 0.402344 0.783203 0.406250 0.791016 0.406250 0.814453 0.398438 0.820312 0.380859 0.816406 0.359375 0.810547 0.347656 0.802734 0.343750
15 0.708984 0.326172 0.470703 0.359375 0.642578 0.361328 0.605469 0.478516 0.517578 0.498047 0.470703 0.457031 0.287109 0.476562 0.255859 0.539062 0.324219 0.560547 0.328125 0.507812 0.361328 0.564453 0.453125 0.613281 0.664062 0.582031 0.693359 0.390625 0.656250 0.359375
16 0.251953 0.535156 0.251953 0.570312 0.277344 0.603516 0.302734 0.615234 0.408203 0.626953 0.507812 0.619141 0.431641 0.611328 0.388672 0.580078 0.376953 0.593750 0.347656 0.556641 0.289062 0.564453
16 0.712891 0.330078 0.658203 0.359375 0.685547 0.367188 0.695312 0.390625 0.693359 0.435547 0.683594 0.443359 0.697266 0.468750 0.683594 0.496094 0.681641 0.572266 0.699219 0.535156 0.708984 0.375000 0.750000 0.384766 0.734375 0.343750
16 0.244141 0.332031 0.248047 0.421875 0.330078 0.458984 0.470703 0.455078 0.503906 0.470703 0.476562 0.486328 0.519531 0.496094 0.605469 0.476562 0.632812 0.451172 0.609375 0.417969 0.642578 0.363281 0.570312 0.351562 0.470703 0.363281
17 0.191406 0.820312 0.181641 0.876953 0.189453 0.937500 0.208984 0.957031 0.251953 0.957031 0.273438 0.921875 0.279297 0.835938 0.234375 0.818359
17 0.773438 0.792969 0.750000 0.804688 0.714844 0.804688 0.703125 0.822266 0.707031 0.939453 0.716797 0.955078 0.732422 0.960938 0.773438 0.957031 0.785156 0.939453 0.783203 0.814453
