4 0.326172 0.248047 0.267578 0.281250 0.232422 0.359375 0.255859 0.607422 0.271484 0.625000 0.306641 0.615234 0.304688 0.466797
6 0.085938 0.568359 0.062500 0.578125 0.064453 0.593750 0.048828 0.609375 0.025391 0.615234 0.039062 0.593750 0.007812 0.613281 0.009766 0.791016 0.019531 0.755859 0.048828 0.763672 0.046875 0.785156 0.052734 0.759766 0.074219 0.769531 0.113281 0.744141 0.119141 0.646484 0.107422 0.640625 0.119141 0.601562 0.115234 0.585938
6 0.812500 0.539062 0.775391 0.556641 0.707031 0.544922 0.728516 0.517578 0.714844 0.529297 0.699219 0.505859 0.748047 0.468750 0.609375 0.484375 0.630859 0.552734 0.525391 0.548828 0.488281 0.566406 0.503906 0.681641 0.572266 0.705078 0.648438 0.675781 0.712891 0.716797 0.757812 0.707031 0.804688 0.648438
7 0.402344 0.271484 0.449219 0.394531 0.673828 0.384766 0.628906 0.320312 0.576172 0.269531 0.447266 0.255859
9 0.783203 0.455078 0.763672 0.460938 0.734375 0.482422 0.720703 0.484375 0.710938 0.492188 0.710938 0.496094 0.730469 0.503906 0.732422 0.533203 0.736328 0.537109 0.777344 0.541016 0.804688 0.517578 0.796875 0.470703
10 0.341797 0.246094 0.330078 0.257812 0.306641 0.466797 0.306641 0.611328 0.384766 0.646484 0.394531 0.632812 0.384766 0.503906 0.410156 0.355469 0.388672 0.271484
11 0.505859 0.468750 0.505859 0.480469 0.535156 0.541016 0.572266 0.548828 0.623047 0.546875 0.621094 0.531250 0.597656 0.492188 0.537109 0.464844 0.517578 0.462891
12 0.775391 0.451172 0.746094 0.417969 0.685547 0.386719 0.460938 0.404297 0.507812 0.447266 0.583984 0.476562 0.714844 0.474609
17 0.097656 0.781250 0.078125 0.783203 0.003906 0.818359 0.000000 0.875000 0.007812 0.896484 0.048828 0.900391 0.082031 0.876953 0.099609 0.816406
17 0.773438 0.714844 0.759766 0.712891 0.740234 0.722656 0.701172 0.732422 0.691406 0.742188 0.697266 0.761719 0.718750 0.773438 0.732422 0.773438 0.753906 0.761719 0.761719 0.753906 0.771484 0.732422
17 0.447266 0.564453 0.429688 0.576172 0.419922 0.605469 0.417969 0.728516 0.439453 0.818359 0.482422 0.837891 0.500000 0.828125 0.511719 0.802734 0.523438 0.734375 0.500000 0.695312 0.484375 0.601562 0.468750 0.572266
17 0.222656 0.552734 0.205078 0.593750 0.205078 0.679688 0.218750 0.728516 0.232422 0.740234 0.244141 0.740234 0.261719 0.728516 0.269531 0.712891 0.273438 0.673828 0.250000 0.628906 0.240234 0.570312 0.230469 0.552734
