0 0.113281 0.945312 0.123047 0.968750 0.136719 0.982422 0.144531 0.982422 0.152344 0.974609 0.164062 0.978516 0.197266 0.972656 0.212891 0.957031 0.191406 0.927734 0.148438 0.914062 0.121094 0.919922 0.121094 0.931641 0.136719 0.955078 0.134766 0.958984
0 0.166016 0.855469 0.171875 0.873047 0.193359 0.908203 0.246094 0.929688 0.234375 0.906250 0.244141 0.902344 0.246094 0.896484 0.228516 0.878906 0.179688 0.849609 0.175781 0.855469
4 0.068359 0.632812 0.050781 0.666016 0.060547 0.728516 0.089844 0.767578 0.134766 0.781250 0.148438 0.699219 0.144531 0.669922 0.125000 0.642578 0.111328 0.634766 0.085938 0.644531
4 0.330078 0.298828 0.291016 0.333984 0.263672 0.513672 0.285156 0.560547 0.277344 0.601562 0.291016 0.666016 0.312500 0.679688 0.304688 0.402344
6 0.849609 0.470703 0.574219 0.511719 0.619141 0.609375 0.539062 0.617188 0.498047 0.591797 0.466797 0.636719 0.488281 0.761719 0.679688 0.773438 0.703125 0.742188 0.781250 0.763672 0.886719 0.695312 0.902344 0.570312 0.890625 0.535156 0.843750 0.537109
7 0.728516 0.386719 0.671875 0.296875 0.642578 0.273438 0.386719 0.306641 0.398438 0.412109 0.414062 0.435547
9 0.859375 0.460938 0.851562 0.468750 0.843750 0.533203 0.849609 0.541016 0.861328 0.537109 0.869141 0.544922 0.878906 0.544922 0.890625 0.533203 0.890625 0.505859 0.875000 0.470703 0.865234 0.460938
10 0.341797 0.289062 0.306641 0.402344 0.312500 0.613281 0.324219 0.681641 0.375000 0.699219 0.388672 0.689453 0.376953 0.585938 0.382812 0.357422 0.371094 0.298828
11 0.494141 0.484375 0.484375 0.525391 0.513672 0.587891 0.548828 0.613281 0.603516 0.607422 0.589844 0.562500 0.564453 0.521484 0.517578 0.486328
12 0.855469 0.457031 0.826172 0.423828 0.732422 0.394531 0.425781 0.441406 0.568359 0.511719
17 0.861328 0.742188 0.843750 0.751953 0.830078 0.765625 0.814453 0.771484 0.810547 0.792969 0.810547 0.818359 0.814453 0.824219 0.822266 0.828125 0.845703 0.824219 0.865234 0.806641 0.875000 0.791016 0.876953 0.767578
17 0.417969 0.613281 0.423828 0.626953 0.404297 0.671875 0.412109 0.814453 0.441406 0.912109 0.500000 0.919922 0.523438 0.886719 0.529297 0.800781 0.484375 0.767578 0.457031 0.646484
17 0.250000 0.542969 0.240234 0.589844 0.263672 0.783203 0.281250 0.800781 0.302734 0.800781 0.314453 0.791016 0.316406 0.761719 0.287109 0.714844 0.263672 0.607422 0.261719 0.556641
