0 0.767578 0.511719 0.707031 0.503906 0.695312 0.585938 0.644531 0.623047 0.468750 0.634766 0.355469 0.615234 0.314453 0.513672 0.255859 0.496094 0.193359 0.787109 0.287109 0.767578 0.292969 0.802734 0.472656 0.820312 0.550781 0.791016 0.687500 0.816406 0.765625 0.794922
0 0.203125 0.441406 0.199219 0.427734 0.173828 0.412109 0.123047 0.421875 0.013672 0.425781 0.039062 0.443359 0.025391 0.457031 0.031250 0.466797 0.046875 0.474609 0.074219 0.468750 0.089844 0.480469 0.126953 0.474609 0.167969 0.457031 0.171875 0.466797 0.177734 0.455078 0.197266 0.451172
1 0.322266 0.349609 0.693359 0.357422 0.650391 0.244141 0.531250 0.236328 0.367188 0.244141
1 0.003906 0.265625 0.007812 0.281250 0.027344 0.287109 0.117188 0.292969 0.175781 0.285156 0.187500 0.275391 0.191406 0.259766 0.175781 0.226562 0.080078 0.216797 0.021484 0.224609 0.007812 0.240234
3 0.271484 0.419922 0.253906 0.445312 0.263672 0.486328 0.269531 0.494141 0.279297 0.498047 0.310547 0.498047 0.312500 0.460938 0.302734 0.427734 0.289062 0.427734
5 0.740234 0.419922 0.732422 0.419922 0.710938 0.431641 0.710938 0.498047 0.742188 0.498047 0.755859 0.482422 0.755859 0.439453 0.750000 0.425781
15 0.304688 0.423828 0.314453 0.460938 0.312500 0.498047 0.392578 0.488281 0.410156 0.474609 0.404297 0.468750 0.376953 0.474609 0.369141 0.464844 0.337891 0.468750 0.332031 0.462891 0.335938 0.457031 0.365234 0.455078 0.353516 0.437500 0.326172 0.423828
15 0.335938 0.361328 0.406250 0.367188 0.384766 0.406250 0.410156 0.457031 0.435547 0.462891 0.421875 0.552734 0.449219 0.580078 0.449219 0.625000 0.603516 0.626953 0.671875 0.597656 0.707031 0.492188 0.695312 0.363281
15 0.878906 0.322266 0.880859 0.333984 0.875000 0.345703 0.878906 0.353516 0.904297 0.363281 0.916016 0.378906 0.931641 0.380859 0.943359 0.392578 0.958984 0.392578 0.964844 0.386719 0.964844 0.378906 0.974609 0.369141 0.982422 0.345703 0.978516 0.349609 0.968750 0.328125 0.937500 0.310547 0.908203 0.310547
16 0.324219 0.367188 0.310547 0.417969 0.367188 0.455078 0.333984 0.462891 0.412109 0.472656 0.392578 0.490234 0.283203 0.500000 0.316406 0.513672 0.339844 0.597656 0.384766 0.625000 0.482422 0.628906 0.443359 0.621094 0.447266 0.580078 0.419922 0.552734 0.433594 0.462891 0.408203 0.457031 0.414062 0.441406 0.382812 0.406250 0.404297 0.367188
16 0.003906 0.324219 0.003906 0.421875 0.164062 0.410156 0.175781 0.396484 0.179688 0.351562 0.199219 0.335938 0.181641 0.326172 0.166016 0.330078 0.144531 0.296875 0.076172 0.300781 0.029297 0.292969
17 0.316406 0.830078 0.308594 0.826172 0.292969 0.826172 0.277344 0.833984 0.271484 0.830078 0.257812 0.833984 0.253906 0.849609 0.259766 0.867188 0.269531 0.873047 0.292969 0.871094 0.310547 0.851562
17 0.761719 0.808594 0.724609 0.814453 0.693359 0.828125 0.693359 0.855469 0.697266 0.871094 0.707031 0.884766 0.740234 0.890625 0.757812 0.878906 0.767578 0.833984 0.767578 0.818359
