0 0.251953 0.169922 0.273438 0.193359 0.361328 0.207031 0.429688 0.240234 0.437500 0.259766 0.554688 0.250000 0.625000 0.167969 0.601562 0.109375 0.330078 0.099609 0.277344 0.109375 0.265625 0.148438 0.298828 0.156250
6 0.220703 0.593750 0.207031 0.792969 0.236328 0.818359 0.708984 0.828125 0.785156 0.798828 0.773438 0.574219 0.679688 0.619141 0.652344 0.599609 0.689453 0.560547 0.404297 0.541016 0.328125 0.550781 0.330078 0.615234
7 0.285156 0.431641 0.724609 0.431641 0.687500 0.296875 0.578125 0.281250 0.332031 0.289062
9 0.773438 0.531250 0.757812 0.523438 0.693359 0.560547 0.658203 0.593750 0.656250 0.611328 0.695312 0.617188 0.750000 0.597656 0.771484 0.576172
11 0.224609 0.529297 0.216797 0.550781 0.218750 0.566406 0.250000 0.597656 0.291016 0.615234 0.322266 0.613281 0.337891 0.605469 0.332031 0.591797 0.300781 0.560547 0.242188 0.521484
12 0.242188 0.501953 0.308594 0.558594 0.400391 0.539062 0.619141 0.541016 0.689453 0.558594 0.755859 0.521484 0.726562 0.433594 0.287109 0.433594
13 0.757812 0.392578 0.753906 0.398438 0.751953 0.417969 0.753906 0.453125 0.757812 0.457031 0.775391 0.457031 0.810547 0.439453 0.812500 0.410156 0.808594 0.402344 0.781250 0.390625
14 0.218750 0.388672 0.210938 0.392578 0.203125 0.404297 0.203125 0.431641 0.212891 0.447266 0.234375 0.457031 0.246094 0.455078 0.251953 0.451172 0.257812 0.439453 0.257812 0.398438 0.246094 0.386719
17 0.781250 0.822266 0.726562 0.830078 0.707031 0.837891 0.701172 0.867188 0.712891 0.886719 0.738281 0.902344 0.765625 0.906250 0.792969 0.902344 0.787109 0.833984
17 0.212891 0.814453 0.207031 0.824219 0.207031 0.843750 0.216797 0.892578 0.234375 0.908203 0.261719 0.908203 0.279297 0.892578 0.285156 0.880859 0.291016 0.835938 0.279297 0.828125 0.238281 0.824219
