4 0.273438 0.281250 0.220703 0.310547 0.183594 0.386719 0.175781 0.439453 0.203125 0.628906 0.230469 0.640625 0.226562 0.494141
6 0.855469 0.572266 0.841797 0.554688 0.791016 0.564453 0.806641 0.490234 0.541016 0.507812 0.593750 0.587891 0.408203 0.578125 0.398438 0.603516 0.427734 0.726562 0.453125 0.744141 0.552734 0.742188 0.613281 0.714844 0.775391 0.746094 0.849609 0.681641
7 0.337891 0.294922 0.355469 0.386719 0.375000 0.417969 0.681641 0.414062 0.562500 0.294922 0.527344 0.285156
9 0.818359 0.490234 0.810547 0.492188 0.794922 0.537109 0.792969 0.564453 0.796875 0.568359 0.806641 0.568359 0.841797 0.552734 0.835938 0.509766
10 0.306641 0.277344 0.279297 0.281250 0.228516 0.494141 0.236328 0.642578 0.279297 0.664062 0.308594 0.638672 0.306641 0.535156 0.332031 0.390625 0.326172 0.300781
11 0.425781 0.488281 0.423828 0.500000 0.457031 0.576172 0.564453 0.589844 0.585938 0.585938 0.537109 0.519531 0.457031 0.486328
12 0.378906 0.423828 0.466797 0.484375 0.527344 0.505859 0.810547 0.486328 0.796875 0.464844 0.687500 0.416016
17 0.785156 0.763672 0.779297 0.759766 0.761719 0.759766 0.710938 0.775391 0.701172 0.775391 0.695312 0.779297 0.695312 0.783203 0.720703 0.798828 0.742188 0.798828 0.761719 0.792969 0.777344 0.783203 0.783203 0.775391
17 0.367188 0.599609 0.341797 0.613281 0.324219 0.646484 0.312500 0.697266 0.316406 0.800781 0.353516 0.861328 0.425781 0.871094 0.468750 0.835938 0.480469 0.777344 0.425781 0.736328 0.417969 0.675781 0.394531 0.615234
17 0.162109 0.542969 0.150391 0.566406 0.154297 0.689453 0.162109 0.718750 0.189453 0.732422 0.210938 0.722656 0.218750 0.683594 0.195312 0.658203 0.179688 0.562500 0.171875 0.544922
