0 0.287109 0.722656 0.275391 0.742188 0.265625 0.734375 0.259766 0.775391 0.193359 0.800781 0.162109 0.796875 0.144531 0.781250 0.150391 0.820312 0.214844 0.853516 0.183594 0.882812 0.216797 0.884766 0.261719 0.863281 0.242188 0.841797 0.279297 0.787109 0.298828 0.796875 0.302734 0.785156
4 0.148438 0.246094 0.083984 0.349609 0.082031 0.367188 0.097656 0.376953 0.105469 0.521484 0.138672 0.509766 0.128906 0.349609 0.169922 0.269531 0.162109 0.251953 0.144531 0.257812
6 0.876953 0.390625 0.808594 0.449219 0.785156 0.343750 0.462891 0.460938 0.634766 0.408203 0.669922 0.472656 0.615234 0.453125 0.517578 0.566406 0.419922 0.582031 0.369141 0.546875 0.359375 0.626953 0.316406 0.597656 0.394531 0.777344 0.658203 0.726562 0.898438 0.613281
7 0.726562 0.261719 0.611328 0.125000 0.291016 0.220703 0.242188 0.257812 0.261719 0.375000 0.296875 0.416016 0.392578 0.361328 0.443359 0.355469 0.453125 0.328125 0.484375 0.337891
9 0.835938 0.312500 0.824219 0.318359 0.806641 0.361328 0.802734 0.421875 0.808594 0.429688 0.818359 0.429688 0.808594 0.437500 0.808594 0.447266 0.851562 0.427734 0.871094 0.408203 0.875000 0.388672 0.871094 0.359375 0.855469 0.328125
10 0.173828 0.253906 0.166016 0.292969 0.130859 0.349609 0.132812 0.478516 0.166016 0.580078 0.177734 0.593750 0.216797 0.599609 0.240234 0.478516 0.242188 0.373047 0.220703 0.261719
11 0.361328 0.439453 0.361328 0.488281 0.371094 0.517578 0.414062 0.574219 0.437500 0.580078 0.501953 0.554688 0.500000 0.535156 0.451172 0.470703 0.404297 0.439453
12 0.605469 0.443359 0.570312 0.447266 0.589844 0.429688 0.529297 0.445312 0.494141 0.472656 0.525391 0.466797 0.494141 0.488281 0.503906 0.494141 0.500000 0.503906 0.519531 0.503906 0.509766 0.515625 0.519531 0.517578 0.564453 0.494141 0.552734 0.490234 0.595703 0.464844 0.580078 0.460938
12 0.822266 0.308594 0.796875 0.283203 0.726562 0.269531 0.484375 0.339844 0.470703 0.326172 0.441406 0.339844 0.443359 0.357422 0.355469 0.394531 0.353516 0.419922 0.462891 0.458984 0.666016 0.373047 0.806641 0.339844
13 0.736328 0.210938 0.726562 0.218750 0.724609 0.238281 0.734375 0.255859 0.744141 0.265625 0.759766 0.267578 0.771484 0.253906 0.781250 0.250000 0.781250 0.218750 0.769531 0.210938
17 0.617188 0.824219 0.601562 0.820312 0.574219 0.826172 0.560547 0.833984 0.558594 0.853516 0.574219 0.886719 0.591797 0.886719 0.609375 0.867188 0.613281 0.847656 0.619141 0.839844
17 0.097656 0.773438 0.082031 0.812500 0.083984 0.865234 0.115234 0.994141 0.222656 0.998047 0.228516 0.947266 0.218750 0.921875 0.164062 0.906250 0.148438 0.845703
17 0.892578 0.691406 0.869141 0.693359 0.833984 0.720703 0.826172 0.738281 0.826172 0.761719 0.837891 0.792969 0.847656 0.802734 0.890625 0.792969 0.914062 0.765625 0.914062 0.716797 0.906250 0.699219
17 0.291016 0.609375 0.285156 0.669922 0.316406 0.759766 0.306641 0.800781 0.371094 0.966797 0.421875 0.972656 0.457031 0.949219 0.449219 0.835938 0.386719 0.785156 0.328125 0.638672
