15 0.193164 0.327344 0.164453 0.318164 0.116211 0.313672 0.102344 0.291797 0.100000 0.264258 0.112695 0.251563 0.144922 0.243555 0.168945 0.243555 0.187305 0.253906 0.191992 0.286133 0.203516 0.287305 0.209180 0.297656 0.206836 0.327344
14 0.672266 0.251563 0.673438 0.229687 0.715820 0.234375 0.723828 0.249219 0.723828 0.267773 0.716992 0.287305 0.684766 0.268750
8 0.291992 0.113672 0.459766 0.111523 0.558398 0.120703 0.581445 0.136719 0.612500 0.175781 0.681445 0.278125 0.696289 0.287305 0.673438 0.303320 0.561914 0.311328 0.323047 0.319336 0.256250 0.305664 0.232227 0.295312 0.227539 0.268750 0.225391 0.121875 0.265430 0.114844
13 0.233398 0.294141 0.220703 0.310156 0.213867 0.336719 0.216016 0.364258 0.232227 0.382617 0.260937 0.440039 0.345898 0.471094 0.418359 0.491797 0.464258 0.484766 0.633203 0.473438 0.714648 0.466406 0.774414 0.457227 0.827344 0.454883 0.838867 0.434375 0.844531 0.406641 0.828516 0.376758 0.791797 0.334375 0.768750 0.318164 0.710156 0.288281 0.689453 0.300977 0.642383 0.307812 0.543555 0.316016 0.389648 0.316016 0.352734 0.317188 0.323047 0.321680 0.291992 0.313672 0.263281 0.310156
12 0.287305 0.472266 0.270117 0.471094 0.281641 0.513477 0.302344 0.545703 0.336719 0.561719 0.398828 0.598633 0.445898 0.592773 0.463086 0.567578 0.459766 0.544531 0.426367 0.525000 0.403320 0.520508 0.367773 0.507812 0.325195 0.490625 0.312695 0.481445
10 0.826172 0.492969 0.853711 0.536523 0.869922 0.481445 0.870898 0.452734 0.856055 0.424023 0.836523 0.480273
7 0.286133 0.520508 0.256250 0.534180 0.215039 0.573242 0.234570 0.695117 0.236719 0.742188 0.228711 0.834180 0.259766 0.865039 0.284961 0.874219 0.352734 0.882422 0.527539 0.882422 0.565430 0.875391 0.625195 0.869727 0.710156 0.855859 0.853711 0.822656 0.912305 0.791602 0.934180 0.770898 0.929492 0.751367 0.915820 0.730664 0.909961 0.687109 0.911133 0.552539 0.899609 0.520508 0.892773 0.489453 0.875586 0.453906 0.869922 0.506641 0.856055 0.535352 0.828516 0.493945 0.849219 0.450391 0.857227 0.425000 0.849219 0.405469 0.828516 0.456055 0.773242 0.458398 0.704297 0.468750 0.465430 0.484766 0.417187 0.491797 0.366602 0.479102 0.258594 0.437695 0.264453 0.467578 0.314844 0.480273 0.342578 0.497461 0.412500 0.519336 0.435547 0.529687 0.460742 0.544531 0.464258 0.564063 0.451562 0.592773 0.402148 0.600781 0.371289 0.587109 0.305664 0.544531
11 0.183789 0.104883 0.200195 0.102344 0.214648 0.125000 0.215234 0.271484 0.193750 0.382617 0.178711 0.433008 0.171094 0.535937 0.171094 0.654102 0.132031 0.576953 0.124414 0.434375 0.128125 0.330859 0.167383 0.156641 0.182422 0.106055
5 0.179883 0.106055 0.127539 0.332031 0.124414 0.407813 0.129492 0.573242 0.104102 0.545508 0.090234 0.434961 0.094141 0.265234 0.127539 0.169141 0.150195 0.121289 0.179297 0.103516
18 0.184375 0.541406 0.202539 0.503320 0.214453 0.548633 0.230859 0.730469 0.223438 0.831445 0.249023 0.868750 0.211719 0.868750 0.199023 0.854102 0.178125 0.748633 0.176172 0.603320 0.185352 0.541406
18 0.071680 0.396875 0.078906 0.468750 0.078906 0.581445 0.104492 0.610547 0.067187 0.601367 0.055273 0.534180 0.058008 0.449609 0.063477 0.397852
