0 0.710938 0.769531 0.681641 0.791016 0.257812 0.771484 0.255859 0.833984 0.339844 0.859375 0.707031 0.847656
1 0.306641 0.492188 0.322266 0.515625 0.306641 0.529297 0.644531 0.533203 0.628906 0.458984 0.605469 0.431641 0.365234 0.431641 0.333984 0.468750 0.322266 0.460938
2 0.978516 0.419922 0.964844 0.457031 0.964844 0.509766 0.955078 0.529297 0.955078 0.539062 0.970703 0.556641 0.966797 0.574219 0.978516 0.597656 0.994141 0.582031 0.996094 0.562500 0.992188 0.441406 0.986328 0.447266
3 0.283203 0.548828 0.261719 0.552734 0.253906 0.568359 0.257812 0.595703 0.253906 0.687500 0.261719 0.708984 0.279297 0.707031 0.287109 0.699219 0.289062 0.583984
5 0.707031 0.562500 0.691406 0.570312 0.687500 0.587891 0.687500 0.714844 0.695312 0.726562 0.710938 0.726562 0.722656 0.671875 0.716797 0.574219
7 0.150391 0.003906 0.187500 0.021484 0.167969 0.050781 0.205078 0.095703 0.195312 0.109375 0.292969 0.105469 0.310547 0.125000 0.441406 0.087891 0.441406 0.113281 0.498047 0.115234 0.511719 0.101562 0.458984 0.099609 0.455078 0.078125 0.505859 0.066406 0.529297 0.095703 0.556641 0.052734 0.539062 0.019531 0.576172 0.011719
10 0.164062 0.316406 0.113281 0.345703 0.107422 0.359375 0.109375 0.384766 0.095703 0.414062 0.103516 0.433594 0.136719 0.455078 0.164062 0.453125 0.185547 0.417969 0.187500 0.380859 0.179688 0.363281 0.183594 0.339844 0.175781 0.324219
12 0.201172 0.148438 0.222656 0.148438 0.224609 0.167969 0.234375 0.169922 0.257812 0.144531 0.279297 0.164062 0.363281 0.185547 0.376953 0.169922 0.402344 0.166016 0.414062 0.134766 0.306641 0.130859 0.283203 0.138672 0.271484 0.125000 0.255859 0.138672 0.205078 0.138672
16 0.294922 0.541016 0.291016 0.718750 0.263672 0.771484 0.701172 0.767578 0.677734 0.546875
17 0.705078 0.880859 0.697266 0.888672 0.660156 0.890625 0.628906 0.912109 0.632812 0.931641 0.615234 0.949219 0.632812 0.941406 0.638672 0.958984 0.617188 0.964844 0.615234 0.972656 0.632812 0.982422 0.638672 0.996094 0.703125 0.996094 0.708984 0.972656
17 0.267578 0.865234 0.261719 0.992188 0.265625 0.998047 0.318359 0.998047 0.333984 0.941406 0.332031 0.902344 0.314453 0.876953
