4 0.312500 0.197266 0.220703 0.220703 0.160156 0.328125 0.171875 0.562500 0.203125 0.597656 0.271484 0.601562 0.269531 0.392578
6 0.568359 0.515625 0.619141 0.658203 0.728516 0.658203 0.835938 0.687500 0.953125 0.662109 0.998047 0.621094 0.994141 0.468750 0.968750 0.464844 0.949219 0.396484 0.738281 0.392578 0.769531 0.478516 0.599609 0.445312
7 0.410156 0.195312 0.464844 0.318359 0.746094 0.328125 0.664062 0.230469 0.625000 0.210938 0.464844 0.189453
10 0.326172 0.193359 0.271484 0.392578 0.273438 0.605469 0.408203 0.628906 0.425781 0.296875 0.388672 0.203125
11 0.589844 0.384766 0.593750 0.423828 0.617188 0.445312 0.658203 0.462891 0.761719 0.474609 0.728516 0.398438 0.650391 0.392578 0.613281 0.380859
12 0.515625 0.326172 0.642578 0.382812 0.958984 0.390625 0.914062 0.361328 0.802734 0.337891
16 0.101562 0.371094 0.080078 0.375000 0.083984 0.390625 0.056641 0.406250 0.044922 0.439453 0.044922 0.486328 0.062500 0.521484 0.074219 0.476562 0.101562 0.447266 0.134766 0.490234 0.148438 0.492188 0.146484 0.421875 0.130859 0.396484 0.107422 0.386719 0.115234 0.376953
17 0.912109 0.687500 0.859375 0.689453 0.839844 0.705078 0.806641 0.691406 0.769531 0.693359 0.753906 0.705078 0.753906 0.716797 0.763672 0.734375 0.789062 0.755859 0.851562 0.763672 0.873047 0.753906 0.894531 0.732422
17 0.511719 0.531250 0.484375 0.544922 0.447266 0.595703 0.435547 0.710938 0.458984 0.775391 0.490234 0.814453 0.556641 0.824219 0.619141 0.779297 0.642578 0.701172 0.597656 0.652344 0.556641 0.544922
17 0.107422 0.507812 0.087891 0.519531 0.080078 0.537109 0.074219 0.603516 0.095703 0.710938 0.126953 0.714844 0.160156 0.697266 0.169922 0.632812 0.144531 0.601562 0.130859 0.525391 0.121094 0.509766
