2 0.767578 0.273438 0.802734 0.466797 0.806641 0.630859 0.818359 0.648438 0.839844 0.632812 0.849609 0.603516 0.857422 0.458984 0.822266 0.292969 0.804688 0.277344
6 0.128906 0.599609 0.130859 0.718750 0.169922 0.761719 0.210938 0.746094 0.228516 0.771484 0.527344 0.837891 0.587891 0.767578 0.605469 0.689453 0.589844 0.656250 0.398438 0.650391 0.439453 0.562500 0.212891 0.525391 0.195312 0.617188
7 0.324219 0.400391 0.650391 0.435547 0.669922 0.417969 0.697266 0.287109 0.683594 0.269531 0.425781 0.253906
8 0.763672 0.271484 0.716797 0.283203 0.705078 0.332031 0.707031 0.705078 0.804688 0.648438 0.800781 0.466797
9 0.562500 0.550781 0.550781 0.541016 0.451172 0.554688 0.439453 0.572266 0.421875 0.650391 0.496094 0.664062 0.552734 0.658203 0.570312 0.597656
11 0.166016 0.498047 0.154297 0.513672 0.138672 0.562500 0.140625 0.593750 0.150391 0.601562 0.193359 0.613281 0.199219 0.609375 0.207031 0.535156 0.193359 0.517578
12 0.171875 0.492188 0.208984 0.523438 0.406250 0.564453 0.544922 0.533203 0.648438 0.439453 0.332031 0.406250 0.203125 0.455078
16 0.890625 0.425781 0.884766 0.431641 0.882812 0.447266 0.873047 0.457031 0.880859 0.484375 0.871094 0.500000 0.871094 0.509766 0.880859 0.509766 0.888672 0.523438 0.896484 0.523438 0.906250 0.496094 0.916016 0.484375 0.906250 0.468750 0.919922 0.455078 0.929688 0.466797 0.931641 0.455078 0.917969 0.445312 0.917969 0.429688
17 0.175781 0.779297 0.187500 0.830078 0.207031 0.853516 0.230469 0.863281 0.273438 0.859375 0.304688 0.806641 0.304688 0.796875 0.294922 0.791016 0.238281 0.781250 0.205078 0.767578 0.187500 0.767578
17 0.640625 0.654297 0.611328 0.673828 0.595703 0.773438 0.541016 0.863281 0.552734 0.921875 0.583984 0.945312 0.621094 0.945312 0.638672 0.931641 0.664062 0.861328 0.679688 0.751953 0.662109 0.677734
17 0.880859 0.580078 0.863281 0.583984 0.853516 0.644531 0.816406 0.691406 0.820312 0.753906 0.826172 0.767578 0.841797 0.775391 0.869141 0.771484 0.882812 0.744141 0.892578 0.591797
