14 0.684766 0.288281 0.712500 0.276953 0.746875 0.269922 0.767578 0.257422 0.771094 0.234375 0.764062 0.213672 0.749219 0.197656 0.728516 0.195312 0.696289 0.197656 0.688281 0.245898 0.690625 0.263086 0.677930 0.267773
10 0.326367 0.479102 0.350586 0.495117 0.378125 0.493945 0.418359 0.481445 0.452734 0.464062 0.496484 0.448047 0.512500 0.428516 0.526367 0.396289 0.532031 0.373437 0.527539 0.358398 0.457422 0.366406 0.391797 0.369922 0.356250 0.414844 0.340234 0.445703
15 0.288477 0.274609 0.281641 0.257422 0.284961 0.234375 0.295312 0.218359 0.320703 0.216016 0.312695 0.237891
13 0.103516 0.359570 0.118359 0.369922 0.142578 0.374609 0.147266 0.360742 0.181641 0.358398 0.219531 0.360742 0.254102 0.358398 0.298828 0.363086 0.314844 0.375781 0.408008 0.372266 0.466602 0.365430 0.520508 0.325195 0.589453 0.294141 0.635547 0.264258 0.596484 0.259570 0.504492 0.259570 0.323047 0.269922 0.221875 0.291797 0.174805 0.312500 0.141406 0.334375 0.121875 0.343555
8 0.294141 0.272266 0.312695 0.241211 0.376953 0.158594 0.419531 0.110352 0.616992 0.092969 0.667578 0.092969 0.682617 0.096484 0.667578 0.143555 0.640039 0.263086 0.541211 0.259570 0.390820 0.261914 0.340234 0.265430
7 0.504492 0.434375 0.548047 0.465234 0.574609 0.488281 0.580273 0.502148 0.553906 0.619336 0.548047 0.662891 0.529687 0.731836 0.451562 0.746875 0.398828 0.743359 0.286133 0.729492 0.162109 0.707812 0.115039 0.697461 0.070117 0.678906 0.058789 0.651367 0.066797 0.630664 0.058789 0.562891 0.063281 0.484766 0.075977 0.441211 0.083984 0.472266 0.103516 0.468750 0.108203 0.441211 0.105859 0.381445 0.115039 0.369922 0.146094 0.377930 0.151758 0.356250 0.183984 0.358398 0.226367 0.356250 0.302344 0.363086 0.323047 0.373437 0.390820 0.371094 0.359766 0.408984 0.342578 0.436523 0.325195 0.477930 0.347070 0.497461 0.386133 0.493945 0.491797 0.452734
18 0.597461 0.504297 0.625195 0.516992 0.644727 0.536523 0.660742 0.580273 0.673438 0.633008 0.674609 0.678906 0.656055 0.811133 0.630859 0.859375 0.607812 0.876563 0.586133 0.882422 0.535547 0.875391 0.517188 0.859375 0.497656 0.795117 0.491797 0.746875 0.527539 0.738672 0.549219 0.664062 0.553906 0.633008 0.571094 0.573242 0.580273 0.506641
9 0.683789 0.365430 0.669922 0.265430 0.667578 0.221680 0.688281 0.122852 0.704297 0.094141 0.725000 0.084961 0.767578 0.081641 0.782422 0.147070 0.807813 0.289453 0.815820 0.371094 0.813477 0.460742 0.818164 0.508984 0.811328 0.552539 0.696289 0.601953 0.694141 0.487109 0.685937 0.376758
3 0.814648 0.551562 0.864062 0.526172 0.881250 0.528516 0.891602 0.492969 0.899609 0.440039 0.911133 0.404492 0.920312 0.390625 0.909961 0.265430 0.897461 0.216016 0.874414 0.171094 0.827344 0.092969 0.766406 0.083789 0.780273 0.124023 0.811328 0.294141 0.820508 0.371094 0.813477 0.460742 0.815820 0.487109 0.822656 0.506641
2 0.904297 0.116016 0.890430 0.111523 0.862891 0.111523 0.904297 0.188477 0.921484 0.229687 0.946875 0.237891 0.933008 0.189648 0.919141 0.153906
