14 0.627344 0.337695 0.661914 0.326367 0.700977 0.319336 0.707812 0.299805 0.708984 0.273438 0.689453 0.256250 0.644727 0.243555 0.633203 0.259570 0.633203 0.302148 0.619336 0.302148 0.612500 0.324023
15 0.210352 0.292969 0.200000 0.272266 0.208008 0.253906 0.219531 0.239063 0.251758 0.232031 0.247070 0.251563 0.233398 0.268750
13 0.536719 0.310156 0.543555 0.336719 0.533203 0.356250 0.512500 0.371094 0.482617 0.385937 0.465430 0.400977 0.457422 0.425000 0.433203 0.434375 0.329883 0.448047 0.196484 0.450391 0.131055 0.437695 0.103516 0.429688 0.091992 0.422852 0.105859 0.394141 0.127734 0.364258 0.149414 0.342383 0.198828 0.303320 0.267773 0.303320 0.512500 0.313672
8 0.379297 0.109180 0.472266 0.102344 0.584961 0.103320 0.637695 0.109180 0.624023 0.141406 0.576953 0.282617 0.565430 0.295312 0.542383 0.310156 0.512500 0.313672 0.461914 0.313672 0.333203 0.304492 0.210352 0.300977 0.243750 0.263086 0.265430 0.226367 0.343555 0.140234
10 0.459766 0.427344 0.479297 0.412500 0.498828 0.411328 0.514844 0.420508 0.476953 0.507812 0.340234 0.541211 0.302344 0.512500 0.324023 0.466406 0.378125 0.456055 0.394141 0.442383 0.433203 0.435352
12 0.066797 0.508984 0.051758 0.482617 0.051758 0.446875 0.063281 0.419336 0.077148 0.400977 0.097852 0.392969 0.086328 0.418164 0.087500 0.434375 0.098828 0.452734 0.102344 0.485938 0.088672 0.496289
7 0.490625 0.481445 0.528516 0.533008 0.536719 0.549219 0.525195 0.587109 0.513672 0.677930 0.512500 0.713477 0.518359 0.789258 0.503320 0.806445 0.452734 0.812305 0.309180 0.809961 0.301172 0.799609 0.209180 0.785937 0.090820 0.773242 0.057617 0.766406 0.017383 0.745703 0.018555 0.707812 0.027734 0.673242 0.032227 0.638867 0.028906 0.598633 0.036914 0.587109 0.049609 0.483594 0.064453 0.510156 0.083984 0.500977 0.100000 0.488281 0.101172 0.453906 0.085156 0.433203 0.083984 0.420508 0.116211 0.437695 0.203516 0.453906 0.334375 0.449219 0.394141 0.440039 0.381641 0.454883 0.326367 0.465234 0.302344 0.507812 0.335547 0.543359 0.383789 0.534180 0.474609 0.510156
9 0.620508 0.388281 0.633203 0.475586 0.636523 0.550391 0.635547 0.654883 0.638867 0.692773 0.728516 0.662891 0.788281 0.635352 0.791797 0.445703 0.790625 0.369922 0.784766 0.310156 0.775586 0.273438 0.767578 0.256250 0.729688 0.086133 0.690625 0.095312 0.663086 0.111523 0.644727 0.143555 0.630859 0.179297 0.608984 0.263086 0.598633 0.290625 0.610156 0.351562
3 0.785937 0.636523 0.850391 0.608984 0.861719 0.576758 0.873242 0.504297 0.891602 0.424023 0.893945 0.390625 0.891602 0.322852 0.879102 0.213672 0.844531 0.151562 0.807813 0.110352 0.790625 0.098828 0.761914 0.088477 0.734180 0.086133 0.743359 0.121875 0.745703 0.151562 0.762891 0.237891 0.779102 0.290625 0.787109 0.335547 0.791797 0.467578 0.787109 0.600781
4 0.942187 0.255078 0.920312 0.266602 0.950195 0.332031 0.962891 0.333203 0.962891 0.300977 0.957227 0.269922
18 0.549219 0.542188 0.586133 0.564063 0.603320 0.593945 0.610156 0.636523 0.612500 0.723828 0.610156 0.767383 0.591797 0.834180 0.579102 0.859375 0.561914 0.861719 0.540039 0.842187 0.528516 0.806445 0.521680 0.766406 0.517188 0.690430 0.517188 0.651367 0.524023 0.584766
