0 0.000000 0.000000 0.000000 0.998047 0.998047 0.998047 0.998047 0.000000
1 0.853516 0.666016 0.759766 0.734375 0.695312 0.705078 0.500000 0.740234 0.353516 0.673828 0.273438 0.728516 0.166016 0.685547 0.197266 0.830078 0.312500 0.845703 0.406250 0.783203 0.527344 0.832031 0.646484 0.824219 0.775391 0.859375 0.835938 0.832031
2 0.478516 0.441406 0.521484 0.449219 0.576172 0.447266 0.619141 0.435547 0.623047 0.427734 0.611328 0.404297 0.544922 0.398438 0.531250 0.392578 0.517578 0.404297 0.488281 0.416016
2 0.470703 0.158203 0.451172 0.144531 0.375000 0.142578 0.318359 0.169922 0.285156 0.166016 0.244141 0.271484 0.236328 0.337891 0.279297 0.349609 0.343750 0.302734 0.396484 0.285156 0.427734 0.242188 0.470703 0.228516 0.484375 0.197266
2 0.652344 0.142578 0.634766 0.177734 0.662109 0.242188 0.669922 0.246094 0.677734 0.238281 0.693359 0.259766 0.714844 0.263672 0.728516 0.251953 0.722656 0.205078 0.716797 0.197266 0.718750 0.169922 0.691406 0.148438 0.697266 0.140625
4 0.207031 0.365234 0.185547 0.386719 0.169922 0.435547 0.169922 0.460938 0.191406 0.486328 0.191406 0.498047 0.169922 0.507812 0.167969 0.535156 0.169922 0.677734 0.177734 0.683594 0.201172 0.677734 0.212891 0.599609 0.205078 0.433594 0.214844 0.371094
16 0.367188 0.597656 0.380859 0.671875 0.482422 0.693359 0.531250 0.732422 0.677734 0.695312 0.708984 0.646484 0.691406 0.572266 0.671875 0.585938 0.664062 0.544922 0.632812 0.539062 0.660156 0.507812 0.505859 0.521484 0.500000 0.470703 0.490234 0.521484 0.574219 0.531250 0.546875 0.593750 0.492188 0.601562 0.464844 0.537109 0.451172 0.580078 0.410156 0.556641
16 0.234375 0.441406 0.234375 0.451172 0.248047 0.453125 0.238281 0.460938 0.240234 0.501953 0.275391 0.505859 0.292969 0.519531 0.287109 0.537109 0.304688 0.544922 0.318359 0.541016 0.326172 0.507812 0.312500 0.482422 0.312500 0.462891 0.269531 0.453125 0.269531 0.445312 0.287109 0.433594 0.285156 0.427734
17 0.787109 0.570312 0.763672 0.568359 0.748047 0.578125 0.703125 0.572266 0.683594 0.593750 0.705078 0.609375 0.710938 0.646484 0.679688 0.699219 0.703125 0.699219 0.726562 0.728516 0.775391 0.728516 0.798828 0.703125 0.810547 0.638672 0.798828 0.585938 0.783203 0.589844 0.773438 0.582031
17 0.449219 0.486328 0.441406 0.505859 0.449219 0.578125 0.464844 0.535156 0.478516 0.541016 0.482422 0.562500 0.496094 0.572266 0.492188 0.544922 0.500000 0.533203 0.517578 0.542969 0.500000 0.566406 0.501953 0.591797 0.546875 0.591797 0.564453 0.568359 0.572266 0.531250 0.496094 0.527344 0.480469 0.515625 0.482422 0.486328
17 0.349609 0.376953 0.242188 0.373047 0.220703 0.412109 0.218750 0.671875 0.255859 0.726562 0.322266 0.710938 0.337891 0.636719 0.355469 0.630859 0.369141 0.656250 0.365234 0.597656 0.410156 0.570312 0.373047 0.505859 0.347656 0.539062 0.304688 0.546875 0.289062 0.515625 0.234375 0.494141 0.246094 0.453125 0.228516 0.445312
