1 0.828125 0.255859 0.832031 0.291016 0.839844 0.296875 0.871094 0.298828 0.880859 0.292969 0.900391 0.292969 0.908203 0.289062 0.902344 0.281250 0.890625 0.275391 0.853516 0.263672 0.839844 0.255859
2 0.656250 0.210938 0.580078 0.267578 0.597656 0.587891 0.707031 0.560547 0.728516 0.539062 0.740234 0.460938 0.730469 0.281250 0.701172 0.236328
6 0.042969 0.591797 0.037109 0.664062 0.099609 0.755859 0.158203 0.783203 0.210938 0.765625 0.226562 0.675781 0.212891 0.646484 0.185547 0.644531 0.205078 0.621094 0.169922 0.642578 0.138672 0.646484 0.076172 0.630859
7 0.343750 0.257812 0.275391 0.304688 0.222656 0.376953 0.285156 0.445312 0.347656 0.478516 0.369141 0.468750 0.449219 0.314453 0.384766 0.265625
8 0.576172 0.269531 0.482422 0.310547 0.408203 0.427734 0.394531 0.472656 0.408203 0.685547 0.589844 0.585938
9 0.216797 0.582031 0.203125 0.580078 0.119141 0.595703 0.111328 0.613281 0.132812 0.609375 0.136719 0.613281 0.126953 0.621094 0.126953 0.628906 0.148438 0.642578 0.162109 0.642578 0.185547 0.632812 0.208984 0.615234 0.214844 0.605469
12 0.349609 0.482422 0.285156 0.447266 0.224609 0.382812 0.195312 0.380859 0.068359 0.447266 0.048828 0.472656 0.044922 0.517578 0.099609 0.568359 0.166016 0.582031 0.199219 0.574219 0.222656 0.546875 0.298828 0.511719 0.322266 0.486328
16 0.931641 0.320312 0.802734 0.347656 0.761719 0.371094 0.779297 0.390625 0.753906 0.429688 0.748047 0.517578 0.759766 0.541016 0.796875 0.468750 0.849609 0.427734 0.882812 0.445312 0.898438 0.498047 0.917969 0.486328 0.941406 0.451172 0.941406 0.429688 0.921875 0.412109 0.923828 0.359375 0.941406 0.345703
17 0.326172 0.658203 0.300781 0.660156 0.259766 0.685547 0.228516 0.744141 0.224609 0.800781 0.267578 0.855469 0.298828 0.855469 0.324219 0.843750 0.357422 0.792969 0.367188 0.750000 0.365234 0.697266
17 0.843750 0.472656 0.822266 0.474609 0.798828 0.496094 0.787109 0.519531 0.779297 0.566406 0.763672 0.593750 0.779297 0.626953 0.800781 0.638672 0.830078 0.634766 0.845703 0.623047 0.871094 0.560547 0.871094 0.500000 0.865234 0.486328
