4 0.304688 0.255859 0.248047 0.269531 0.236328 0.324219 0.220703 0.341797 0.208984 0.429688 0.214844 0.507812 0.242188 0.572266 0.267578 0.583984 0.289062 0.582031 0.285156 0.439453 0.318359 0.263672
6 0.837891 0.468750 0.685547 0.460938 0.666016 0.470703 0.689453 0.519531 0.683594 0.580078 0.572266 0.562500 0.525391 0.578125 0.541016 0.710938 0.753906 0.712891 0.869141 0.675781 0.892578 0.556641 0.847656 0.546875
7 0.390625 0.261719 0.417969 0.376953 0.431641 0.392578 0.685547 0.384766 0.589844 0.259766 0.441406 0.251953
9 0.851562 0.453125 0.845703 0.457031 0.839844 0.474609 0.847656 0.494141 0.849609 0.546875 0.853516 0.550781 0.861328 0.550781 0.875000 0.539062 0.876953 0.480469 0.871094 0.460938 0.859375 0.453125
10 0.343750 0.251953 0.320312 0.259766 0.287109 0.439453 0.291016 0.576172 0.312500 0.597656 0.392578 0.621094 0.404297 0.380859 0.380859 0.265625
11 0.546875 0.470703 0.548828 0.505859 0.576172 0.552734 0.609375 0.570312 0.648438 0.562500 0.679688 0.574219 0.671875 0.500000 0.652344 0.474609 0.593750 0.474609 0.564453 0.464844
12 0.445312 0.398438 0.595703 0.466797 0.781250 0.451172 0.812500 0.468750 0.849609 0.451172 0.804688 0.416016 0.687500 0.386719
16 0.191406 0.400391 0.138672 0.396484 0.117188 0.406250 0.121094 0.455078 0.115234 0.462891 0.113281 0.457031 0.117188 0.515625 0.140625 0.542969 0.132812 0.544922 0.138672 0.556641 0.156250 0.494141 0.166016 0.484375 0.191406 0.490234 0.197266 0.482422 0.199219 0.412109
17 0.837891 0.693359 0.820312 0.695312 0.753906 0.726562 0.734375 0.726562 0.738281 0.734375 0.753906 0.742188 0.791016 0.748047 0.810547 0.740234 0.824219 0.728516 0.835938 0.707031
17 0.474609 0.554688 0.451172 0.568359 0.429688 0.603516 0.423828 0.728516 0.445312 0.783203 0.488281 0.816406 0.519531 0.818359 0.550781 0.792969 0.554688 0.763672 0.535156 0.716797 0.511719 0.593750 0.496094 0.564453
17 0.171875 0.523438 0.154297 0.576172 0.154297 0.617188 0.166016 0.679688 0.193359 0.691406 0.220703 0.675781 0.226562 0.654297 0.210938 0.611328 0.207031 0.572266 0.183594 0.527344
