14 0.678125 0.364453 0.690234 0.356250 0.723828 0.350977 0.745508 0.341602 0.754883 0.321289 0.750781 0.299805 0.738672 0.282227 0.710352 0.279492 0.688867 0.291602 0.678125 0.318555 0.680859 0.338867 0.672656 0.346875
15 0.299609 0.264844 0.286133 0.253906 0.282031 0.232422 0.292773 0.210938 0.311719 0.208203 0.326562 0.220312 0.325195 0.235156
8 0.427539 0.124609 0.622852 0.144922 0.675391 0.158398 0.629492 0.358984 0.528516 0.344141 0.358789 0.309180 0.294141 0.291602 0.318359 0.248633 0.372266 0.171875 0.412695 0.127344
13 0.614844 0.360352 0.601367 0.380664 0.489453 0.489648 0.473242 0.515234 0.383008 0.530078 0.237695 0.483008 0.141992 0.445312 0.124414 0.447852 0.115039 0.425000 0.123047 0.402148 0.158203 0.371094 0.286133 0.286328 0.451758 0.330664 0.589258 0.352344
10 0.377734 0.539453 0.331836 0.597461 0.319727 0.620313 0.341406 0.629687 0.404687 0.633789 0.449023 0.631055 0.481445 0.612305 0.520508 0.546289 0.525781 0.525977 0.517773 0.513867 0.418164 0.525977
12 0.123047 0.549023 0.096094 0.531445 0.085352 0.508594 0.098828 0.439844 0.112305 0.422266 0.123047 0.454688 0.124414 0.486914 0.121680 0.519336
7 0.489453 0.606836 0.573047 0.625781 0.562305 0.655469 0.532617 0.782031 0.521875 0.798242 0.430273 0.815625 0.379102 0.814258 0.330469 0.806250 0.233594 0.775195 0.150000 0.721289 0.100195 0.671484 0.077344 0.602930 0.073242 0.571875 0.080078 0.557031 0.071875 0.522070 0.077344 0.507227 0.094922 0.534180 0.124414 0.557031 0.121680 0.449219 0.137891 0.445312 0.218750 0.474805 0.348047 0.513867 0.380469 0.532813 0.341406 0.588086 0.321094 0.624414 0.368359 0.633789 0.420703 0.636523 0.455859 0.631055
9 0.668555 0.384570 0.669922 0.478906 0.679492 0.606836 0.788477 0.507227 0.787109 0.447852 0.793945 0.360352 0.791211 0.295703 0.783203 0.274219 0.756250 0.119336 0.734570 0.125977 0.707617 0.144922 0.691602 0.169141 0.676758 0.217578 0.666016 0.268750 0.656445 0.330664 0.657813 0.352344
18 0.612109 0.586719 0.637695 0.609570 0.648438 0.656641 0.651172 0.705273 0.639062 0.798242 0.601367 0.868164 0.570312 0.875000 0.535352 0.875000 0.521875 0.853320 0.519141 0.808984 0.532617 0.785937 0.573047 0.618945 0.590430 0.596094
2 0.888281 0.072070 0.865234 0.082812 0.846484 0.097656 0.908398 0.189258 0.920508 0.178516 0.909766 0.119336
3 0.757617 0.114844 0.782813 0.102344 0.812500 0.097266 0.824414 0.106055 0.886914 0.214648 0.888281 0.265234 0.864844 0.316992 0.826953 0.467187 0.789062 0.505078 0.786523 0.451953 0.791016 0.420508 0.793555 0.322656 0.791602 0.294141 0.785352 0.279102 0.779102 0.247461 0.756250 0.114844
