2 0.710938 0.273438 0.744141 0.435547 0.742188 0.656250 0.787109 0.656250 0.808594 0.621094 0.833984 0.416016 0.792969 0.326172 0.750000 0.287109
6 0.173828 0.476562 0.132812 0.587891 0.158203 0.701172 0.455078 0.730469 0.500000 0.714844 0.523438 0.537109 0.480469 0.535156 0.484375 0.509766 0.384766 0.552734 0.343750 0.535156 0.394531 0.500000
7 0.636719 0.283203 0.574219 0.273438 0.421875 0.289062 0.322266 0.396484 0.582031 0.398438
8 0.705078 0.269531 0.656250 0.292969 0.613281 0.402344 0.630859 0.677734 0.740234 0.658203 0.742188 0.435547
9 0.505859 0.470703 0.490234 0.464844 0.398438 0.500000 0.349609 0.527344 0.345703 0.535156 0.351562 0.542969 0.386719 0.550781 0.443359 0.539062 0.464844 0.527344 0.503906 0.484375
12 0.580078 0.400391 0.316406 0.398438 0.212891 0.431641 0.179688 0.470703 0.402344 0.496094 0.500000 0.460938
16 0.921875 0.466797 0.910156 0.462891 0.894531 0.464844 0.880859 0.457031 0.876953 0.466797 0.863281 0.480469 0.867188 0.501953 0.880859 0.527344 0.910156 0.488281 0.910156 0.478516 0.921875 0.470703
17 0.177734 0.722656 0.181641 0.740234 0.199219 0.763672 0.212891 0.775391 0.234375 0.783203 0.251953 0.783203 0.271484 0.775391 0.289062 0.757812 0.300781 0.732422 0.298828 0.724609 0.285156 0.716797 0.187500 0.714844
17 0.550781 0.546875 0.535156 0.552734 0.517578 0.593750 0.513672 0.714844 0.474609 0.740234 0.478516 0.771484 0.498047 0.794922 0.552734 0.798828 0.574219 0.785156 0.603516 0.720703 0.597656 0.609375 0.582031 0.574219
17 0.841797 0.539062 0.826172 0.556641 0.812500 0.675781 0.791016 0.708984 0.800781 0.740234 0.820312 0.750000 0.857422 0.738281 0.871094 0.693359 0.871094 0.585938 0.859375 0.548828
