2 0.792969 0.193359 0.824219 0.417969 0.816406 0.542969 0.832031 0.546875 0.857422 0.521484 0.871094 0.458984 0.876953 0.328125 0.855469 0.236328 0.833984 0.210938
2 0.253906 0.162109 0.253906 0.203125 0.267578 0.244141 0.273438 0.248047 0.304688 0.236328 0.306641 0.220703 0.300781 0.212891 0.294922 0.183594 0.273438 0.166016
6 0.148438 0.496094 0.134766 0.628906 0.162109 0.732422 0.304688 0.824219 0.373047 0.906250 0.365234 0.847656 0.539062 0.833984 0.566406 0.611328 0.507812 0.595703 0.439453 0.638672 0.363281 0.638672 0.330078 0.611328 0.392578 0.562500 0.177734 0.476562
7 0.402344 0.291016 0.425781 0.326172 0.523438 0.332031 0.583984 0.363281 0.658203 0.365234 0.679688 0.349609 0.726562 0.222656 0.599609 0.197266 0.492188 0.201172
7 0.189453 0.179688 0.138672 0.164062 0.060547 0.173828 0.044922 0.181641 0.044922 0.203125 0.068359 0.207031 0.078125 0.220703 0.072266 0.228516 0.050781 0.224609 0.044922 0.232422 0.076172 0.232422 0.080078 0.226562 0.087891 0.248047 0.138672 0.250000 0.164062 0.236328
8 0.785156 0.195312 0.755859 0.212891 0.703125 0.351562 0.699219 0.652344 0.816406 0.533203 0.818359 0.371094
8 0.246094 0.160156 0.224609 0.164062 0.214844 0.173828 0.201172 0.210938 0.191406 0.259766 0.201172 0.312500 0.228516 0.302734 0.250000 0.281250 0.267578 0.248047 0.253906 0.212891
9 0.562500 0.515625 0.542969 0.509766 0.390625 0.568359 0.351562 0.589844 0.332031 0.619141 0.376953 0.638672 0.437500 0.636719 0.462891 0.626953 0.527344 0.572266
9 0.126953 0.326172 0.119141 0.320312 0.107422 0.320312 0.078125 0.330078 0.064453 0.337891 0.056641 0.347656 0.056641 0.365234 0.062500 0.369141 0.074219 0.369141 0.080078 0.365234 0.107422 0.359375 0.119141 0.347656
12 0.171875 0.472656 0.414062 0.558594 0.529297 0.511719 0.531250 0.486328 0.583984 0.464844 0.613281 0.417969 0.648438 0.402344 0.652344 0.375000 0.523438 0.333984 0.373047 0.318359 0.214844 0.394531
17 0.638672 0.582031 0.580078 0.625000 0.564453 0.666016 0.564453 0.750000 0.548828 0.835938 0.578125 0.855469 0.603516 0.855469 0.621094 0.841797 0.654297 0.773438 0.667969 0.646484 0.656250 0.599609
17 0.890625 0.427734 0.876953 0.464844 0.863281 0.550781 0.853516 0.566406 0.853516 0.580078 0.865234 0.589844 0.876953 0.589844 0.886719 0.582031 0.902344 0.531250 0.904297 0.457031
