4 0.343750 0.302734 0.289062 0.300781 0.273438 0.320312 0.250000 0.464844 0.250000 0.619141 0.263672 0.642578 0.318359 0.632812 0.310547 0.490234
6 0.851562 0.525391 0.800781 0.521484 0.796875 0.494141 0.617188 0.500000 0.621094 0.583984 0.501953 0.589844 0.515625 0.679688 0.564453 0.740234 0.666016 0.732422 0.619141 0.730469 0.599609 0.699219 0.751953 0.697266 0.847656 0.667969 0.863281 0.623047
7 0.412109 0.308594 0.449219 0.427734 0.578125 0.417969 0.720703 0.425781 0.636719 0.298828 0.445312 0.296875
9 0.796875 0.496094 0.792969 0.509766 0.800781 0.519531 0.822266 0.521484 0.830078 0.529297 0.839844 0.529297 0.847656 0.523438 0.847656 0.501953 0.841797 0.482422 0.830078 0.480469 0.808594 0.488281
10 0.351562 0.302734 0.312500 0.492188 0.318359 0.613281 0.349609 0.644531 0.406250 0.648438 0.417969 0.431641 0.404297 0.324219 0.388672 0.304688
11 0.517578 0.501953 0.517578 0.529297 0.535156 0.544922 0.539062 0.566406 0.548828 0.576172 0.572266 0.582031 0.613281 0.578125 0.599609 0.558594 0.599609 0.550781 0.611328 0.541016 0.607422 0.503906 0.591797 0.498047 0.523438 0.496094
12 0.468750 0.435547 0.556641 0.492188 0.771484 0.496094 0.835938 0.476562 0.757812 0.431641 0.578125 0.419922
16 0.226562 0.433594 0.150391 0.433594 0.095703 0.476562 0.083984 0.515625 0.113281 0.546875 0.119141 0.583984 0.146484 0.607422 0.179688 0.535156 0.201172 0.548828 0.230469 0.599609 0.238281 0.492188
17 0.837891 0.677734 0.783203 0.691406 0.744141 0.726562 0.740234 0.753906 0.763672 0.792969 0.808594 0.798828 0.832031 0.779297 0.841797 0.748047
17 0.462891 0.593750 0.443359 0.611328 0.431641 0.660156 0.435547 0.763672 0.457031 0.814453 0.503906 0.820312 0.523438 0.806641 0.535156 0.750000 0.492188 0.599609
17 0.187500 0.578125 0.175781 0.587891 0.160156 0.632812 0.166016 0.708984 0.179688 0.755859 0.195312 0.765625 0.212891 0.765625 0.234375 0.755859 0.240234 0.699219 0.222656 0.662109 0.207031 0.587891
