4 0.347656 0.423828 0.312500 0.429688 0.283203 0.453125 0.244141 0.539062 0.275391 0.699219 0.289062 0.710938 0.318359 0.708984 0.310547 0.568359
6 0.759766 0.640625 0.708984 0.646484 0.708984 0.593750 0.568359 0.597656 0.566406 0.648438 0.484375 0.646484 0.480469 0.691406 0.457031 0.671875 0.460938 0.750000 0.482422 0.769531 0.611328 0.734375 0.722656 0.740234 0.767578 0.707031
7 0.412109 0.439453 0.417969 0.501953 0.447266 0.533203 0.656250 0.535156 0.632812 0.486328 0.595703 0.449219 0.550781 0.425781 0.433594 0.429688
9 0.746094 0.589844 0.734375 0.585938 0.714844 0.591797 0.712891 0.615234 0.707031 0.634766 0.708984 0.644531 0.728516 0.646484 0.757812 0.638672 0.759766 0.611328 0.757812 0.603516
10 0.359375 0.421875 0.343750 0.445312 0.314453 0.554688 0.310547 0.642578 0.320312 0.708984 0.375000 0.716797 0.380859 0.613281 0.406250 0.496094 0.392578 0.435547
11 0.468750 0.585938 0.468750 0.595703 0.486328 0.632812 0.546875 0.644531 0.562500 0.642578 0.552734 0.619141 0.552734 0.607422 0.546875 0.601562 0.482422 0.580078
12 0.453125 0.537109 0.480469 0.570312 0.548828 0.593750 0.714844 0.589844 0.699219 0.560547 0.650391 0.535156
17 0.740234 0.748047 0.722656 0.753906 0.699219 0.750000 0.685547 0.763672 0.667969 0.771484 0.662109 0.785156 0.662109 0.808594 0.671875 0.832031 0.681641 0.841797 0.718750 0.841797 0.734375 0.826172 0.746094 0.791016 0.746094 0.765625
17 0.423828 0.658203 0.404297 0.677734 0.396484 0.765625 0.404297 0.830078 0.412109 0.841797 0.435547 0.847656 0.468750 0.835938 0.474609 0.798828 0.453125 0.750000 0.443359 0.666016
17 0.244141 0.638672 0.232422 0.642578 0.224609 0.656250 0.228516 0.779297 0.238281 0.806641 0.269531 0.814453 0.285156 0.800781 0.291016 0.759766 0.271484 0.726562 0.257812 0.652344
