2 0.781250 0.171875 0.781250 0.212891 0.810547 0.203125 0.865234 0.380859 0.875000 0.738281 0.898438 0.755859 0.929688 0.656250 0.923828 0.419922 0.869141 0.253906
6 0.066406 0.578125 0.093750 0.783203 0.212891 0.837891 0.542969 0.849609 0.619141 0.832031 0.679688 0.771484 0.697266 0.626953 0.666016 0.634766 0.609375 0.570312 0.560547 0.609375 0.474609 0.607422 0.525391 0.476562 0.152344 0.466797 0.138672 0.583984
7 0.748047 0.205078 0.591797 0.191406 0.400391 0.214844 0.285156 0.376953 0.728516 0.373047
8 0.769531 0.183594 0.757812 0.367188 0.783203 0.619141 0.765625 0.730469 0.791016 0.771484 0.863281 0.728516 0.882812 0.611328 0.863281 0.380859 0.812500 0.207031 0.783203 0.216797
9 0.625000 0.435547 0.605469 0.429688 0.589844 0.445312 0.570312 0.443359 0.531250 0.476562 0.490234 0.546875 0.478516 0.609375 0.566406 0.605469 0.609375 0.568359 0.638672 0.474609 0.636719 0.451172
11 0.125000 0.447266 0.113281 0.449219 0.101562 0.460938 0.093750 0.498047 0.076172 0.533203 0.080078 0.550781 0.095703 0.560547 0.136719 0.560547 0.140625 0.554688 0.134766 0.490234
12 0.134766 0.464844 0.337891 0.455078 0.527344 0.474609 0.587891 0.425781 0.720703 0.378906 0.339844 0.369141 0.142578 0.433594
17 0.121094 0.824219 0.113281 0.878906 0.130859 0.945312 0.181641 0.964844 0.214844 0.955078 0.257812 0.908203 0.261719 0.863281 0.216797 0.871094 0.203125 0.863281 0.195312 0.843750 0.146484 0.847656 0.128906 0.824219
17 0.708984 0.644531 0.685547 0.779297 0.662109 0.839844 0.650391 0.957031 0.671875 0.994141 0.740234 0.998047 0.753906 0.792969 0.744141 0.673828 0.726562 0.646484
17 0.955078 0.642578 0.935547 0.654297 0.919922 0.781250 0.875000 0.820312 0.880859 0.880859 0.914062 0.902344 0.939453 0.896484 0.957031 0.847656 0.964844 0.662109
