2 0.708984 0.296875 0.740234 0.458984 0.740234 0.687500 0.781250 0.687500 0.798828 0.664062 0.824219 0.449219 0.785156 0.351562 0.753906 0.316406
6 0.167969 0.503906 0.132812 0.585938 0.158203 0.738281 0.378906 0.761719 0.501953 0.751953 0.531250 0.570312 0.494141 0.560547 0.492188 0.539062 0.392578 0.582031 0.353516 0.570312 0.400391 0.531250 0.369141 0.517578
6 0.248047 0.035156 0.238281 0.097656 0.248047 0.117188 0.355469 0.142578 0.408203 0.140625 0.412109 0.125000 0.375000 0.109375 0.359375 0.076172 0.390625 0.074219 0.443359 0.095703 0.449219 0.033203 0.435547 0.025391 0.375000 0.058594 0.333984 0.048828 0.320312 0.015625 0.302734 0.021484 0.292969 0.042969
7 0.632812 0.312500 0.542969 0.294922 0.414062 0.312500 0.351562 0.367188 0.316406 0.419922 0.582031 0.425781 0.603516 0.400391
8 0.701172 0.292969 0.652344 0.314453 0.619141 0.423828 0.617188 0.644531 0.632812 0.708984 0.740234 0.683594 0.738281 0.458984
8 0.628906 0.019531 0.595703 0.023438 0.556641 0.005859 0.552734 0.023438 0.560547 0.046875 0.583984 0.056641 0.560547 0.087891 0.564453 0.113281 0.626953 0.087891 0.623047 0.062500 0.593750 0.066406 0.589844 0.054688 0.595703 0.031250 0.621094 0.029297
9 0.509766 0.503906 0.496094 0.496094 0.447266 0.511719 0.361328 0.548828 0.353516 0.564453 0.365234 0.576172 0.394531 0.580078 0.447266 0.570312 0.490234 0.541016
12 0.175781 0.498047 0.316406 0.505859 0.400391 0.529297 0.503906 0.494141 0.509766 0.472656 0.578125 0.427734 0.312500 0.421875 0.218750 0.451172
17 0.167969 0.755859 0.173828 0.775391 0.201172 0.812500 0.212891 0.820312 0.234375 0.820312 0.246094 0.814453 0.273438 0.791016 0.285156 0.767578 0.273438 0.751953 0.185547 0.746094
17 0.558594 0.572266 0.544922 0.576172 0.521484 0.617188 0.511719 0.755859 0.482422 0.777344 0.486328 0.800781 0.511719 0.824219 0.576172 0.820312 0.605469 0.775391 0.605469 0.652344 0.589844 0.605469
17 0.839844 0.564453 0.830078 0.564453 0.816406 0.595703 0.806641 0.697266 0.789062 0.738281 0.796875 0.763672 0.820312 0.775391 0.851562 0.765625 0.863281 0.707031 0.863281 0.628906 0.849609 0.574219
17 0.761719 0.046875 0.744141 0.052734 0.732422 0.068359 0.718750 0.152344 0.724609 0.177734 0.744141 0.193359 0.759766 0.181641 0.779297 0.126953 0.777344 0.078125
17 0.490234 0.029297 0.458984 0.060547 0.451172 0.146484 0.462891 0.171875 0.478516 0.167969 0.501953 0.189453 0.519531 0.173828 0.531250 0.150391 0.535156 0.085938 0.521484 0.046875
