4 0.287109 0.361328 0.244141 0.380859 0.216797 0.410156 0.177734 0.517578 0.205078 0.691406 0.226562 0.707031 0.267578 0.701172 0.259766 0.529297
6 0.826172 0.556641 0.804688 0.580078 0.767578 0.580078 0.761719 0.533203 0.726562 0.503906 0.673828 0.507812 0.687500 0.527344 0.675781 0.572266 0.531250 0.541016 0.539062 0.564453 0.515625 0.578125 0.529297 0.718750 0.808594 0.720703 0.828125 0.683594
7 0.378906 0.355469 0.390625 0.400391 0.417969 0.435547 0.519531 0.443359 0.583984 0.437500 0.585938 0.421875 0.570312 0.402344 0.511719 0.367188 0.423828 0.347656
10 0.306641 0.353516 0.289062 0.359375 0.263672 0.503906 0.269531 0.703125 0.380859 0.707031 0.392578 0.632812 0.388672 0.449219 0.355469 0.371094
11 0.517578 0.496094 0.521484 0.507812 0.541016 0.527344 0.599609 0.558594 0.646484 0.566406 0.673828 0.556641 0.648438 0.521484 0.615234 0.515625 0.560547 0.494141 0.523438 0.490234
12 0.472656 0.447266 0.500000 0.462891 0.535156 0.460938 0.548828 0.474609 0.642578 0.509766 0.703125 0.494141 0.658203 0.480469 0.623047 0.447266 0.593750 0.437500
15 0.777344 0.507812 0.761719 0.517578 0.765625 0.544922 0.759766 0.570312 0.769531 0.578125 0.802734 0.578125 0.810547 0.572266 0.818359 0.556641 0.820312 0.535156 0.812500 0.521484 0.789062 0.507812
17 0.794922 0.738281 0.785156 0.732422 0.759766 0.732422 0.748047 0.736328 0.738281 0.748047 0.728516 0.753906 0.724609 0.777344 0.742188 0.785156 0.765625 0.785156 0.773438 0.781250 0.785156 0.753906 0.794922 0.744141
17 0.156250 0.603516 0.146484 0.613281 0.130859 0.671875 0.130859 0.726562 0.144531 0.779297 0.156250 0.789062 0.183594 0.789062 0.205078 0.777344 0.208984 0.759766 0.191406 0.716797 0.181641 0.623047 0.167969 0.603516
17 0.464844 0.572266 0.435547 0.591797 0.419922 0.621094 0.412109 0.744141 0.427734 0.779297 0.492188 0.789062 0.527344 0.773438 0.531250 0.748047 0.507812 0.611328 0.482422 0.578125
