8 0.413672 0.328516 0.526367 0.307812 0.586133 0.302148 0.633203 0.299805 0.694141 0.302148 0.683789 0.343555 0.669922 0.426172 0.656055 0.446875 0.535547 0.441211 0.469922 0.441211 0.376953 0.445703 0.290820 0.460742 0.367773 0.368750 0.389648 0.349219
15 0.266602 0.473438 0.264453 0.454883 0.271289 0.430859 0.311523 0.426172 0.293164 0.450391
14 0.722852 0.480273 0.746875 0.472266 0.789453 0.464062 0.799805 0.440039 0.791797 0.411328 0.776758 0.406641 0.749219 0.404492 0.734180 0.411328 0.729688 0.449219 0.708984 0.456055 0.711328 0.476758
13 0.657227 0.444531 0.657227 0.460742 0.632031 0.481445 0.611328 0.496289 0.590625 0.500977 0.563086 0.516992 0.537891 0.508984 0.511328 0.514648 0.481445 0.508984 0.436719 0.505469 0.356250 0.503125 0.327539 0.504297 0.296484 0.512500 0.256250 0.516992 0.237891 0.525000 0.223047 0.521680 0.209180 0.525000 0.225391 0.497461 0.243750 0.482617 0.287305 0.460742 0.392969 0.444531 0.556250 0.441211 0.606641 0.444531
10 0.616992 0.498633 0.641211 0.498633 0.660742 0.505469 0.668750 0.520508 0.646875 0.585938 0.525195 0.605469 0.532031 0.579102 0.547070 0.542188 0.564258 0.518164 0.584961 0.499805
7 0.650391 0.583594 0.684766 0.613477 0.672266 0.649219 0.659570 0.766406 0.659570 0.798438 0.665234 0.853711 0.456250 0.861719 0.434375 0.850195 0.403320 0.849023 0.366602 0.852539 0.280469 0.846680 0.241406 0.836328 0.221875 0.846680 0.151758 0.834180 0.142578 0.814648 0.141406 0.772070 0.144922 0.736523 0.150586 0.716992 0.151758 0.631836 0.166797 0.591602 0.198828 0.606641 0.210352 0.525000 0.242578 0.529687 0.265430 0.515820 0.356250 0.504297 0.463086 0.508984 0.514844 0.518164 0.542383 0.511328 0.564258 0.516992 0.547070 0.543359 0.529687 0.580273 0.521680 0.607812 0.603320 0.593945
12 0.211523 0.508984 0.190820 0.528516 0.180469 0.545703 0.173633 0.569922 0.170117 0.591602 0.194336 0.611133 0.209180 0.528516
18 0.613672 0.856055 0.667383 0.853516 0.664844 0.790430 0.671680 0.664844 0.681250 0.632031 0.694531 0.630078 0.710156 0.676758 0.722852 0.759375 0.719727 0.839648 0.707617 0.910352 0.693164 0.921094 0.642773 0.921680 0.624414 0.911523 0.613086 0.856641
18 0.189258 0.847266 0.219141 0.849805 0.248047 0.840234 0.296094 0.850391 0.293555 0.863086 0.265234 0.895117 0.220312 0.898438 0.198828 0.875000
18 0.819531 0.784766 0.861133 0.776563 0.859180 0.736133 0.864844 0.665430 0.871289 0.626953 0.882617 0.656641 0.885742 0.720313 0.883789 0.798047 0.874414 0.824414 0.839648 0.825781 0.825195 0.807422 0.818750 0.786523
9 0.698438 0.415234 0.693750 0.391406 0.705273 0.330859 0.712695 0.309375 0.731641 0.304297 0.749414 0.308008 0.817578 0.508789 0.823242 0.627539 0.808789 0.746289 0.736719 0.770117 0.720898 0.501172
3 0.755078 0.310547 0.797266 0.356055 0.831445 0.431250 0.867383 0.524023 0.862305 0.619922 0.851562 0.703906 0.839648 0.734180 0.810547 0.744336 0.824414 0.632617 0.818164 0.507031 0.751172 0.310547
