2 0.722656 0.326172 0.777344 0.527344 0.771484 0.689453 0.796875 0.697266 0.816406 0.675781 0.849609 0.517578 0.841797 0.433594 0.775391 0.341797
6 0.599609 0.605469 0.433594 0.613281 0.447266 0.570312 0.501953 0.533203 0.230469 0.539062 0.236328 0.605469 0.177734 0.603516 0.169922 0.693359 0.185547 0.734375 0.234375 0.751953 0.556641 0.742188
7 0.650391 0.339844 0.507812 0.333984 0.423828 0.345703 0.335938 0.435547 0.318359 0.470703 0.609375 0.466797
8 0.705078 0.322266 0.669922 0.339844 0.652344 0.419922 0.675781 0.691406 0.689453 0.720703 0.769531 0.691406 0.777344 0.630859 0.769531 0.492188 0.736328 0.363281
9 0.566406 0.521484 0.541016 0.519531 0.476562 0.546875 0.449219 0.570312 0.431641 0.609375 0.521484 0.603516 0.550781 0.595703 0.548828 0.576172 0.566406 0.535156
11 0.205078 0.529297 0.191406 0.556641 0.183594 0.589844 0.197266 0.603516 0.226562 0.607422 0.234375 0.601562 0.222656 0.564453 0.222656 0.544922 0.212891 0.531250
12 0.609375 0.468750 0.316406 0.472656 0.228516 0.509766 0.216797 0.527344 0.259766 0.541016 0.486328 0.537109 0.560547 0.515625
17 0.197266 0.763672 0.201172 0.806641 0.230469 0.851562 0.255859 0.859375 0.296875 0.857422 0.324219 0.832031 0.332031 0.794922 0.318359 0.779297 0.281250 0.777344 0.265625 0.792969 0.246094 0.771484 0.214844 0.759766
17 0.605469 0.625000 0.593750 0.642578 0.576172 0.736328 0.537109 0.810547 0.537109 0.832031 0.554688 0.871094 0.625000 0.878906 0.660156 0.837891 0.671875 0.751953 0.652344 0.656250 0.628906 0.630859
17 0.853516 0.605469 0.835938 0.623047 0.816406 0.732422 0.796875 0.761719 0.806641 0.808594 0.820312 0.818359 0.863281 0.812500 0.875000 0.785156 0.880859 0.685547 0.871094 0.626953
