0 0.443359 0.730469 0.392578 0.695312 0.371094 0.701172 0.351562 0.748047 0.189453 0.748047 0.138672 0.734375 0.107422 0.703125 0.085938 0.734375 0.087891 0.800781 0.115234 0.851562 0.417969 0.851562 0.447266 0.830078 0.425781 0.812500
1 0.365234 0.380859 0.292969 0.369141 0.183594 0.384766 0.152344 0.425781 0.125000 0.541016 0.324219 0.527344 0.382812 0.457031 0.382812 0.427734 0.367188 0.425781 0.359375 0.406250
4 0.583984 0.378906 0.539062 0.416016 0.574219 0.470703 0.589844 0.654297 0.615234 0.722656 0.607422 0.787109 0.705078 0.791016 0.722656 0.742188 0.722656 0.609375 0.687500 0.396484
5 0.410156 0.578125 0.386719 0.580078 0.375000 0.605469 0.373047 0.628906 0.378906 0.693359 0.419922 0.691406 0.435547 0.664062 0.429688 0.601562 0.421875 0.585938
10 0.691406 0.402344 0.724609 0.607422 0.720703 0.783203 0.832031 0.777344 0.855469 0.705078 0.847656 0.611328 0.757812 0.437500
15 0.169922 0.544922 0.138672 0.544922 0.119141 0.558594 0.119141 0.570312 0.111328 0.587891 0.117188 0.630859 0.128906 0.615234 0.128906 0.580078 0.167969 0.564453 0.175781 0.556641
16 0.564453 0.591797 0.484375 0.583984 0.498047 0.625000 0.480469 0.667969 0.445312 0.695312 0.433594 0.675781 0.423828 0.681641 0.445312 0.728516 0.445312 0.769531 0.427734 0.808594 0.437500 0.822266 0.453125 0.824219 0.462891 0.810547 0.494141 0.687500 0.544922 0.630859 0.560547 0.632812 0.572266 0.617188
16 0.382812 0.513672 0.353516 0.515625 0.324219 0.541016 0.189453 0.550781 0.130859 0.580078 0.130859 0.615234 0.115234 0.632812 0.123047 0.718750 0.191406 0.746094 0.357422 0.742188 0.386719 0.574219
17 0.177734 0.892578 0.181641 0.923828 0.197266 0.958984 0.234375 0.986328 0.277344 0.970703 0.302734 0.917969 0.302734 0.896484 0.291016 0.888672 0.238281 0.894531 0.218750 0.882812 0.195312 0.882812
17 0.529297 0.738281 0.494141 0.751953 0.476562 0.892578 0.458984 0.923828 0.494141 0.998047 0.550781 0.988281 0.593750 0.898438 0.613281 0.916016 0.640625 0.916016 0.673828 0.875000 0.662109 0.839844 0.599609 0.861328 0.574219 0.777344
17 0.902344 0.718750 0.890625 0.718750 0.880859 0.730469 0.865234 0.830078 0.845703 0.865234 0.853516 0.906250 0.880859 0.923828 0.919922 0.912109 0.935547 0.865234 0.933594 0.750000 0.923828 0.732422
