2 0.617188 0.382812 0.634766 0.546875 0.632812 0.667969 0.701172 0.666016 0.710938 0.656250 0.712891 0.511719 0.687500 0.382812
6 0.119141 0.574219 0.109375 0.652344 0.123047 0.695312 0.246094 0.722656 0.273438 0.707031 0.339844 0.714844 0.369141 0.626953 0.265625 0.615234 0.275391 0.546875 0.152344 0.539062
7 0.517578 0.382812 0.369141 0.382812 0.285156 0.480469 0.455078 0.490234 0.474609 0.476562
8 0.601562 0.380859 0.535156 0.382812 0.490234 0.476562 0.496094 0.685547 0.630859 0.669922 0.628906 0.490234 0.613281 0.388672
9 0.353516 0.552734 0.333984 0.541016 0.279297 0.548828 0.269531 0.562500 0.265625 0.613281 0.302734 0.619141 0.335938 0.615234 0.339844 0.593750 0.355469 0.566406
12 0.144531 0.531250 0.189453 0.542969 0.349609 0.542969 0.431641 0.523438 0.453125 0.492188 0.283203 0.482422 0.193359 0.500000
16 0.736328 0.498047 0.722656 0.523438 0.720703 0.666016 0.753906 0.681641 0.775391 0.617188 0.810547 0.582031 0.839844 0.595703 0.861328 0.669922 0.886719 0.662109 0.902344 0.623047 0.882812 0.501953
17 0.136719 0.708984 0.136719 0.738281 0.146484 0.771484 0.158203 0.789062 0.175781 0.798828 0.199219 0.800781 0.218750 0.796875 0.234375 0.783203 0.246094 0.757812 0.246094 0.744141 0.234375 0.726562 0.210938 0.720703 0.185547 0.722656 0.148438 0.707031
17 0.410156 0.628906 0.376953 0.640625 0.347656 0.734375 0.353516 0.798828 0.369141 0.822266 0.392578 0.830078 0.417969 0.830078 0.435547 0.820312 0.457031 0.779297 0.464844 0.695312 0.451172 0.658203 0.433594 0.636719
17 0.792969 0.621094 0.779297 0.632812 0.757812 0.718750 0.759766 0.750000 0.779297 0.781250 0.818359 0.785156 0.833984 0.769531 0.843750 0.728516 0.843750 0.656250 0.820312 0.625000
