18 0.549805 0.693945 0.569336 0.729492 0.587695 0.799609 0.582031 0.880078 0.571680 0.911133 0.539453 0.955859 0.515430 0.958203 0.495898 0.945508 0.471680 0.915625 0.458008 0.839844 0.467187 0.764062 0.479687 0.722656 0.490039 0.700781 0.515430 0.685937
15 0.800391 0.519336 0.798047 0.498633 0.801562 0.484766 0.827930 0.481445 0.842773 0.497461 0.846289 0.514648 0.837109 0.527344 0.806055 0.544531
11 0.654492 0.377930 0.710742 0.399805 0.737109 0.421680 0.801562 0.508984 0.801562 0.525000 0.808398 0.551562 0.823242 0.585938 0.832422 0.634180 0.835938 0.680078 0.831250 0.727344 0.821094 0.764062 0.810742 0.773242 0.803711 0.786914 0.776172 0.783594 0.678516 0.786914 0.691211 0.764062 0.703906 0.725000 0.698047 0.699609 0.701562 0.626172 0.700391 0.585938 0.696875 0.544531 0.683203 0.522656 0.658984 0.404492
5 0.642969 0.372266 0.574023 0.356250 0.557813 0.356250 0.547656 0.366406 0.518750 0.461914 0.516602 0.485938 0.534961 0.558398 0.561328 0.622656 0.569336 0.651367 0.584375 0.670898 0.592383 0.704297 0.596875 0.744531 0.593555 0.804297 0.602734 0.803125 0.608398 0.792773 0.682031 0.790430 0.702734 0.726172 0.699219 0.697461 0.701562 0.654883 0.699219 0.548047 0.684375 0.523828 0.654492 0.376758
12 0.917578 0.589453 0.906055 0.589453 0.908398 0.610156 0.937109 0.651367 0.933594 0.604297
2 0.375195 0.334375 0.483203 0.350391 0.501563 0.359570 0.493555 0.383789 0.436133 0.476758 0.374023 0.468750 0.344141 0.468750 0.161523 0.475586 0.067383 0.484766 0.098437 0.420508 0.133984 0.361914 0.171875 0.352734 0.324609 0.337695 0.338477 0.351562 0.355664 0.359570
6 0.282227 0.511328 0.347656 0.506641 0.391406 0.511328 0.398242 0.520508 0.381055 0.573242 0.358008 0.588281 0.332813 0.599805 0.321289 0.591602 0.254688 0.590625 0.252344 0.580273 0.266016 0.527344
4 0.058203 0.521680 0.074219 0.520508 0.088086 0.526172 0.100586 0.582422 0.094922 0.593945 0.058203 0.596289 0.047852 0.604297 0.045508 0.545703 0.049023 0.528516
17 0.355664 0.468750 0.353320 0.506641 0.300586 0.508984 0.279883 0.514648 0.263867 0.528516 0.252344 0.561719 0.250000 0.585938 0.258008 0.592773 0.321289 0.590625 0.321289 0.614648 0.313281 0.649219 0.300586 0.674414 0.285547 0.693945 0.083398 0.691602 0.074219 0.687109 0.062695 0.658398 0.058203 0.601953 0.047852 0.606641 0.041992 0.545703 0.047852 0.526172 0.057031 0.518164 0.066211 0.485938 0.124805 0.479102 0.323437 0.471094
1 0.367188 0.587109 0.377539 0.614648 0.392383 0.630664 0.502734 0.644531 0.483203 0.665234 0.472852 0.695117 0.459180 0.791602 0.452148 0.821484 0.450977 0.845508 0.442969 0.859375 0.430469 0.861719 0.391406 0.827148 0.359180 0.814648 0.328125 0.807617 0.125977 0.801953 0.046680 0.796094 0.033984 0.780078 0.028320 0.756055 0.036328 0.706641 0.035156 0.644531 0.046680 0.601953 0.059375 0.598633 0.060352 0.660547 0.068555 0.677930 0.079883 0.690430 0.267188 0.693945 0.289062 0.691602 0.303906 0.667578 0.316602 0.639844 0.321289 0.588281 0.332813 0.598633 0.348828 0.592773
