6 0.504492 0.473438 0.540039 0.481445 0.643555 0.488281 0.673438 0.484766 0.698633 0.477930 0.685937 0.457227 0.684766 0.430859 0.715820 0.355078 0.708984 0.345898 0.671094 0.346875 0.553906 0.376758 0.536719 0.390625 0.518359 0.430859
15 0.858398 0.308984 0.895117 0.312500 0.906641 0.295312 0.906641 0.279102 0.892773 0.273438 0.869922 0.272266 0.864062 0.282617
2 0.304492 0.278125 0.331055 0.253906 0.379297 0.219531 0.435547 0.188477 0.516016 0.170117 0.604492 0.161914 0.646875 0.161914 0.692969 0.166602 0.649219 0.245898 0.619336 0.266602 0.574609 0.271094 0.411328 0.268750 0.327539 0.275781
16 0.626172 0.263086 0.633203 0.280273 0.624023 0.303320 0.581445 0.334375 0.572266 0.349219 0.565430 0.371094 0.535547 0.395313 0.513672 0.444531 0.489453 0.519336 0.475781 0.551562 0.457422 0.560742 0.405664 0.553711 0.289648 0.532031 0.249414 0.519336 0.215039 0.512500 0.203516 0.491797 0.194336 0.442383 0.188477 0.392969 0.188477 0.365430 0.179297 0.346875 0.190820 0.329688 0.191992 0.312500 0.212695 0.296484 0.249414 0.290625 0.284961 0.279102 0.433203 0.265430 0.575781 0.272266
4 0.175977 0.348047 0.170117 0.346875 0.162109 0.408984 0.162109 0.433203 0.197656 0.440039 0.188477 0.367578
1 0.700977 0.487109 0.708984 0.519336 0.742383 0.516992 0.764062 0.511328 0.769922 0.518164 0.758398 0.613477 0.756055 0.708789 0.677930 0.764062 0.651563 0.780078 0.613672 0.797266 0.566602 0.799609 0.535547 0.790430 0.513672 0.745703 0.502148 0.736523 0.486133 0.744531 0.473438 0.770898 0.453906 0.774414 0.421680 0.769727 0.398828 0.745703 0.382617 0.721484 0.362109 0.708789 0.325195 0.699609 0.240234 0.668750 0.226367 0.672070 0.215039 0.691602 0.194336 0.689258 0.176953 0.639844 0.166797 0.664062 0.144922 0.646875 0.148242 0.536523 0.159766 0.434375 0.191992 0.436523 0.197656 0.477930 0.218359 0.516992 0.270117 0.527344 0.311523 0.541211 0.457422 0.560742 0.474609 0.553711 0.504492 0.472266 0.569922 0.484766 0.603320 0.488281 0.659570 0.488281
5 0.778320 0.178125 0.827734 0.314453 0.845898 0.387695 0.852344 0.512695 0.812500 0.581445 0.809375 0.458984 0.791602 0.373047 0.757617 0.308789 0.744336 0.224805 0.734766 0.190039 0.744336 0.175586 0.756250 0.171680 0.772070 0.176172
11 0.854102 0.507617 0.847266 0.385156 0.779687 0.176758 0.799805 0.194531 0.821875 0.223438 0.849023 0.281641 0.874414 0.345898 0.878711 0.440625 0.875586 0.482227 0.857227 0.506250
18 0.787305 0.486719 0.794141 0.499414 0.799805 0.520898 0.801758 0.552344 0.803125 0.581445 0.796094 0.666602 0.785352 0.728516 0.766992 0.760742 0.752539 0.763867 0.736719 0.750000 0.733008 0.727344 0.758203 0.708398 0.761914 0.585938 0.770898 0.522656 0.780859 0.490625
18 0.878125 0.491211 0.885742 0.405859 0.890820 0.382617 0.895117 0.401562 0.895898 0.443750 0.890820 0.494922 0.884375 0.510156 0.880664 0.508203 0.879492 0.494922
