2 0.748047 0.464844 0.755859 0.498047 0.755859 0.595703 0.748047 0.644531 0.765625 0.648438 0.781250 0.638672 0.769531 0.546875 0.771484 0.466797
2 0.773438 0.320312 0.746094 0.326172 0.734375 0.322266 0.722656 0.330078 0.746094 0.437500 0.755859 0.410156 0.765625 0.412109 0.789062 0.433594 0.796875 0.414062 0.785156 0.330078
6 0.099609 0.544922 0.093750 0.615234 0.058594 0.638672 0.083984 0.763672 0.160156 0.787109 0.201172 0.824219 0.220703 0.806641 0.402344 0.810547 0.437500 0.654297 0.253906 0.654297 0.279297 0.568359
7 0.619141 0.322266 0.507812 0.320312 0.408203 0.335938 0.312500 0.453125 0.546875 0.453125 0.568359 0.439453
8 0.703125 0.316406 0.638672 0.322266 0.591797 0.437500 0.601562 0.701172 0.746094 0.650391 0.750000 0.488281 0.720703 0.335938
9 0.386719 0.552734 0.369141 0.542969 0.287109 0.564453 0.267578 0.593750 0.251953 0.650391 0.382812 0.650391 0.378906 0.625000 0.392578 0.574219
12 0.533203 0.457031 0.322266 0.453125 0.121094 0.517578 0.113281 0.539062 0.277344 0.566406 0.371094 0.541016 0.408203 0.513672 0.490234 0.500000
16 0.951172 0.468750 0.906250 0.457031 0.783203 0.474609 0.779297 0.535156 0.798828 0.640625 0.826172 0.636719 0.851562 0.578125 0.884766 0.544922 0.916016 0.613281 0.953125 0.597656
17 0.505859 0.640625 0.484375 0.644531 0.443359 0.679688 0.404297 0.826172 0.419922 0.880859 0.474609 0.910156 0.501953 0.908203 0.527344 0.890625 0.546875 0.857422 0.560547 0.789062 0.562500 0.705078 0.535156 0.658203
17 0.876953 0.583984 0.857422 0.593750 0.833984 0.679688 0.818359 0.699219 0.824219 0.732422 0.849609 0.748047 0.869141 0.748047 0.882812 0.738281 0.896484 0.685547 0.902344 0.625000 0.888672 0.593750
