2 0.654297 0.308594 0.701172 0.498047 0.693359 0.646484 0.714844 0.650391 0.742188 0.595703 0.763672 0.462891 0.751953 0.406250 0.710938 0.341797
6 0.128906 0.564453 0.130859 0.673828 0.205078 0.691406 0.371094 0.681641 0.396484 0.699219 0.515625 0.667969 0.541016 0.550781 0.388672 0.552734 0.423828 0.488281 0.187500 0.484375 0.189453 0.546875
7 0.585938 0.320312 0.496094 0.314453 0.392578 0.328125 0.322266 0.375000 0.287109 0.427734 0.548828 0.427734
8 0.642578 0.304688 0.605469 0.318359 0.587891 0.402344 0.607422 0.492188 0.615234 0.662109 0.691406 0.646484 0.693359 0.464844
9 0.507812 0.470703 0.476562 0.472656 0.425781 0.490234 0.392578 0.525391 0.384766 0.546875 0.398438 0.550781 0.490234 0.541016 0.507812 0.492188
11 0.162109 0.482422 0.144531 0.503906 0.146484 0.509766 0.144531 0.537109 0.154297 0.544922 0.183594 0.548828 0.187500 0.539062 0.179688 0.494141 0.169922 0.482422
12 0.544922 0.429688 0.285156 0.429688 0.210938 0.455078 0.181641 0.482422 0.427734 0.486328 0.507812 0.468750
17 0.876953 0.703125 0.873047 0.748047 0.888672 0.818359 0.916016 0.832031 0.953125 0.830078 0.968750 0.804688 0.972656 0.748047 0.927734 0.708984 0.894531 0.712891
17 0.169922 0.701172 0.167969 0.728516 0.173828 0.751953 0.193359 0.783203 0.208984 0.791016 0.236328 0.791016 0.257812 0.781250 0.277344 0.740234 0.269531 0.714844 0.253906 0.707031 0.220703 0.708984 0.181641 0.697266
17 0.123047 0.683594 0.113281 0.671875 0.093750 0.673828 0.085938 0.677734 0.066406 0.677734 0.056641 0.685547 0.056641 0.699219 0.070312 0.714844 0.080078 0.720703 0.105469 0.720703 0.117188 0.710938 0.121094 0.703125
17 0.558594 0.572266 0.541016 0.578125 0.531250 0.658203 0.501953 0.716797 0.505859 0.789062 0.529297 0.804688 0.568359 0.800781 0.589844 0.750000 0.589844 0.615234 0.576172 0.583984
17 0.769531 0.570312 0.759766 0.570312 0.751953 0.582031 0.736328 0.671875 0.716797 0.707031 0.728516 0.746094 0.748047 0.753906 0.767578 0.750000 0.777344 0.740234 0.785156 0.712891 0.787109 0.644531 0.779297 0.591797
