0 0.505859 0.583984 0.429688 0.535156 0.445312 0.443359 0.376953 0.427734 0.375000 0.503906 0.337891 0.537109 0.158203 0.490234 0.125000 0.458984 0.083984 0.476562 0.085938 0.568359 0.111328 0.603516 0.269531 0.667969 0.285156 0.703125 0.347656 0.691406 0.394531 0.720703 0.455078 0.712891
1 0.486328 0.283203 0.437500 0.244141 0.351562 0.224609 0.240234 0.250000 0.181641 0.285156 0.171875 0.310547 0.291016 0.339844 0.376953 0.343750 0.437500 0.328125
4 0.611328 0.298828 0.595703 0.308594 0.574219 0.404297 0.583984 0.554688 0.613281 0.615234 0.607422 0.730469 0.695312 0.751953 0.724609 0.656250 0.728516 0.470703 0.691406 0.314453
5 0.394531 0.353516 0.384766 0.371094 0.376953 0.423828 0.417969 0.437500 0.457031 0.441406 0.460938 0.433594 0.458984 0.414062 0.431641 0.353516
10 0.697266 0.326172 0.734375 0.505859 0.726562 0.656250 0.701172 0.750000 0.822266 0.777344 0.861328 0.693359 0.867188 0.566406 0.777344 0.392578
15 0.136719 0.335938 0.119141 0.398438 0.142578 0.478516 0.316406 0.531250 0.345703 0.525391 0.337891 0.480469 0.304688 0.464844 0.308594 0.380859 0.320312 0.355469 0.386719 0.347656 0.164062 0.312500
16 0.388672 0.353516 0.320312 0.357422 0.310547 0.380859 0.306641 0.464844 0.339844 0.480469 0.353516 0.505859 0.347656 0.527344 0.363281 0.509766 0.376953 0.425781 0.373047 0.416016
17 0.902344 0.693359 0.886719 0.695312 0.832031 0.849609 0.837891 0.880859 0.873047 0.904297 0.898438 0.904297 0.912109 0.892578 0.941406 0.812500 0.933594 0.722656
17 0.171875 0.666016 0.162109 0.677734 0.162109 0.708984 0.177734 0.750000 0.222656 0.771484 0.253906 0.765625 0.279297 0.732422 0.277344 0.712891 0.263672 0.701172 0.230469 0.687500 0.208984 0.685547 0.185547 0.667969
17 0.537109 0.619141 0.509766 0.619141 0.494141 0.630859 0.447266 0.775391 0.447266 0.843750 0.488281 0.875000 0.523438 0.875000 0.550781 0.855469 0.585938 0.769531 0.582031 0.671875 0.562500 0.636719
