4 0.333984 0.267578 0.250000 0.289062 0.205078 0.437500 0.216797 0.607422 0.275391 0.634766 0.298828 0.632812 0.296875 0.447266
6 0.583984 0.492188 0.564453 0.566406 0.591797 0.660156 0.630859 0.699219 0.806641 0.701172 0.912109 0.675781 0.929688 0.646484 0.937500 0.529297 0.888672 0.470703 0.886719 0.441406 0.714844 0.439453 0.732422 0.517578
7 0.417969 0.267578 0.470703 0.378906 0.716797 0.378906 0.607422 0.281250 0.455078 0.261719
10 0.349609 0.263672 0.333984 0.273438 0.304688 0.402344 0.300781 0.634766 0.419922 0.656250 0.433594 0.347656 0.402344 0.275391
11 0.578125 0.439453 0.583984 0.470703 0.615234 0.494141 0.716797 0.513672 0.734375 0.511719 0.703125 0.443359 0.642578 0.441406 0.595703 0.431641
12 0.888672 0.435547 0.867188 0.410156 0.720703 0.376953 0.492188 0.386719 0.521484 0.410156 0.632812 0.433594
16 0.177734 0.414062 0.068359 0.416016 0.037109 0.425781 0.027344 0.460938 0.009766 0.462891 0.003906 0.447266 0.003906 0.500000 0.027344 0.490234 0.042969 0.529297 0.044922 0.599609 0.082031 0.605469 0.103516 0.521484 0.123047 0.501953 0.150391 0.515625 0.183594 0.576172 0.191406 0.480469
17 0.867188 0.699219 0.820312 0.705078 0.808594 0.716797 0.777344 0.714844 0.761719 0.724609 0.732422 0.728516 0.726562 0.736328 0.734375 0.750000 0.759766 0.769531 0.781250 0.775391 0.820312 0.773438 0.839844 0.761719 0.865234 0.720703
17 0.517578 0.566406 0.474609 0.593750 0.455078 0.630859 0.447266 0.740234 0.494141 0.826172 0.566406 0.830078 0.607422 0.800781 0.625000 0.712891 0.587891 0.669922 0.552734 0.582031
17 0.126953 0.556641 0.107422 0.582031 0.095703 0.650391 0.119141 0.732422 0.138672 0.744141 0.166016 0.744141 0.183594 0.730469 0.193359 0.666016 0.171875 0.626953 0.160156 0.574219 0.150391 0.560547
