4 0.341797 0.250000 0.291016 0.265625 0.251953 0.410156 0.248047 0.589844 0.265625 0.617188 0.310547 0.615234 0.308594 0.445312
6 0.500000 0.478516 0.476562 0.531250 0.494141 0.640625 0.539062 0.677734 0.710938 0.681641 0.740234 0.707031 0.773438 0.705078 0.847656 0.630859 0.857422 0.513672 0.833984 0.488281 0.792969 0.492188 0.802734 0.431641 0.603516 0.431641 0.611328 0.500000
7 0.410156 0.257812 0.429688 0.349609 0.445312 0.371094 0.701172 0.367188 0.617188 0.257812 0.533203 0.250000
9 0.818359 0.427734 0.804688 0.429688 0.804688 0.439453 0.798828 0.451172 0.794922 0.476562 0.794922 0.492188 0.798828 0.496094 0.814453 0.494141 0.828125 0.488281 0.833984 0.482422 0.832031 0.443359 0.828125 0.435547
10 0.359375 0.248047 0.332031 0.312500 0.310547 0.445312 0.312500 0.617188 0.382812 0.632812 0.402344 0.501953 0.390625 0.427734 0.410156 0.382812 0.392578 0.257812
11 0.498047 0.425781 0.496094 0.457031 0.515625 0.480469 0.546875 0.494141 0.613281 0.496094 0.593750 0.435547
12 0.458984 0.376953 0.535156 0.423828 0.609375 0.431641 0.808594 0.423828 0.761719 0.390625 0.708984 0.375000
16 0.218750 0.412109 0.169922 0.414062 0.158203 0.421875 0.146484 0.460938 0.148438 0.550781 0.162109 0.576172 0.191406 0.503906 0.205078 0.503906 0.228516 0.533203 0.234375 0.529297 0.234375 0.443359
17 0.699219 0.701172 0.695312 0.705078 0.697266 0.738281 0.716797 0.757812 0.734375 0.759766 0.746094 0.744141 0.740234 0.724609 0.732422 0.716797 0.720703 0.714844 0.710938 0.703125
17 0.820312 0.677734 0.812500 0.677734 0.802734 0.683594 0.789062 0.699219 0.783203 0.716797 0.777344 0.722656 0.759766 0.728516 0.759766 0.736328 0.763672 0.738281 0.759766 0.744141 0.763672 0.748047 0.781250 0.750000 0.794922 0.732422 0.808594 0.724609 0.820312 0.697266
17 0.199219 0.550781 0.189453 0.564453 0.183594 0.609375 0.189453 0.701172 0.201172 0.734375 0.228516 0.742188 0.246094 0.738281 0.253906 0.726562 0.250000 0.673828 0.230469 0.630859 0.218750 0.558594
17 0.449219 0.544922 0.416016 0.587891 0.408203 0.732422 0.441406 0.792969 0.519531 0.792969 0.535156 0.777344 0.542969 0.697266 0.492188 0.650391 0.476562 0.558594 0.466797 0.544922
