2 0.736328 0.246094 0.785156 0.466797 0.781250 0.697266 0.796875 0.701172 0.837891 0.677734 0.882812 0.427734 0.804688 0.277344
6 0.085938 0.619141 0.089844 0.740234 0.185547 0.818359 0.439453 0.841797 0.523438 0.794922 0.552734 0.650391 0.527344 0.601562 0.396484 0.625000 0.423828 0.554688 0.167969 0.521484 0.167969 0.613281 0.099609 0.601562
7 0.658203 0.277344 0.568359 0.255859 0.404297 0.265625 0.337891 0.312500 0.281250 0.406250 0.605469 0.425781
8 0.726562 0.244141 0.679688 0.273438 0.650391 0.378906 0.658203 0.732422 0.779297 0.697266 0.783203 0.466797
9 0.535156 0.531250 0.523438 0.521484 0.455078 0.535156 0.419922 0.566406 0.396484 0.621094 0.408203 0.625000 0.423828 0.619141 0.494141 0.617188 0.517578 0.609375 0.531250 0.585938
11 0.121094 0.519531 0.103516 0.537109 0.097656 0.554688 0.097656 0.589844 0.142578 0.605469 0.154297 0.605469 0.158203 0.585938 0.152344 0.523438 0.146484 0.513672
12 0.160156 0.517578 0.421875 0.552734 0.519531 0.519531 0.597656 0.472656 0.609375 0.441406 0.599609 0.427734 0.464844 0.425781 0.431641 0.410156 0.277344 0.410156 0.189453 0.466797
17 0.115234 0.806641 0.115234 0.830078 0.130859 0.880859 0.148438 0.900391 0.171875 0.908203 0.207031 0.906250 0.222656 0.900391 0.242188 0.875000 0.250000 0.835938 0.240234 0.828125 0.191406 0.830078 0.138672 0.796875
17 0.585938 0.646484 0.564453 0.654297 0.529297 0.800781 0.498047 0.841797 0.505859 0.904297 0.517578 0.923828 0.541016 0.933594 0.564453 0.929688 0.574219 0.878906 0.619141 0.865234 0.632812 0.833984 0.630859 0.718750 0.607422 0.660156
17 0.875000 0.597656 0.857422 0.605469 0.839844 0.742188 0.804688 0.779297 0.820312 0.830078 0.841797 0.839844 0.880859 0.835938 0.904297 0.785156 0.904297 0.640625 0.888672 0.605469
