6 0.003906 0.521484 0.013672 0.625000 0.044922 0.638672 0.148438 0.621094 0.140625 0.585938 0.119141 0.597656 0.085938 0.576172 0.126953 0.560547 0.142578 0.572266 0.152344 0.548828 0.167969 0.542969 0.162109 0.513672 0.148438 0.537109 0.138672 0.521484 0.130859 0.537109 0.097656 0.535156 0.066406 0.511719
6 0.210938 0.580078 0.253906 0.613281 0.205078 0.656250 0.261719 0.683594 0.220703 0.705078 0.298828 0.738281 0.750000 0.757812 0.802734 0.666016 0.787109 0.500000 0.748047 0.519531 0.789062 0.566406 0.656250 0.568359 0.734375 0.490234 0.667969 0.478516 0.673828 0.445312 0.335938 0.441406 0.287109 0.478516 0.337891 0.500000 0.357422 0.568359
7 0.283203 0.330078 0.720703 0.337891 0.675781 0.171875 0.593750 0.158203 0.332031 0.160156
9 0.777344 0.427734 0.671875 0.451172 0.669922 0.476562 0.726562 0.478516 0.736328 0.492188 0.687500 0.507812 0.667969 0.527344 0.660156 0.570312 0.791016 0.562500 0.773438 0.525391 0.744141 0.517578 0.785156 0.498047
11 0.193359 0.431641 0.201172 0.443359 0.210938 0.439453 0.224609 0.457031 0.238281 0.455078 0.250000 0.464844 0.328125 0.464844 0.332031 0.460938 0.330078 0.447266 0.308594 0.435547 0.228516 0.421875 0.210938 0.433594
12 0.242188 0.410156 0.416016 0.443359 0.625000 0.447266 0.765625 0.423828 0.748047 0.367188 0.718750 0.339844 0.486328 0.324219 0.279297 0.333984
13 0.748047 0.287109 0.740234 0.298828 0.740234 0.318359 0.736328 0.326172 0.742188 0.349609 0.751953 0.357422 0.761719 0.357422 0.791016 0.349609 0.798828 0.343750 0.804688 0.333984 0.804688 0.316406 0.798828 0.300781 0.791016 0.292969 0.771484 0.285156
14 0.220703 0.275391 0.207031 0.289062 0.199219 0.328125 0.201172 0.332031 0.230469 0.343750 0.251953 0.343750 0.265625 0.328125 0.263672 0.287109 0.251953 0.273438
17 0.789062 0.712891 0.757812 0.765625 0.708984 0.773438 0.699219 0.787109 0.699219 0.873047 0.730469 0.900391 0.765625 0.902344 0.783203 0.880859 0.796875 0.769531
17 0.205078 0.712891 0.199219 0.728516 0.199219 0.828125 0.207031 0.873047 0.226562 0.892578 0.267578 0.890625 0.283203 0.876953 0.291016 0.855469 0.289062 0.781250 0.275391 0.763672 0.244141 0.761719
