8 0.374023 0.175781 0.506250 0.168945 0.707227 0.174609 0.718750 0.196484 0.726758 0.329688 0.718750 0.342383 0.692383 0.344727 0.544141 0.338867 0.268359 0.342383 0.270703 0.326367 0.308594 0.245898 0.347656 0.186133
15 0.232813 0.358398 0.209766 0.355078 0.191406 0.333203 0.191406 0.312500 0.200586 0.298633 0.221289 0.289453 0.247656 0.283789 0.258008 0.288281 0.258008 0.327344 0.251172 0.345898
3 0.750977 0.337695 0.768164 0.336719 0.764648 0.314844 0.769336 0.291797 0.778516 0.283789 0.795703 0.283789 0.815820 0.288281 0.801172 0.209570 0.778320 0.155859 0.804883 0.174805 0.858008 0.316992 0.867969 0.349023 0.873828 0.388867 0.878711 0.432422 0.871875 0.457617 0.844727 0.625586 0.837695 0.636328 0.827734 0.530273 0.839063 0.440625 0.827344 0.351172 0.815234 0.355078 0.761328 0.359570
13 0.721094 0.343555 0.732617 0.365430 0.737109 0.389453 0.722266 0.410156 0.696875 0.427344 0.664844 0.437695 0.556836 0.458398 0.466016 0.463086 0.359180 0.463086 0.269531 0.458398 0.208594 0.444531 0.175391 0.430859 0.185742 0.404492 0.236133 0.359570 0.263867 0.342383 0.577344 0.340039 0.699219 0.343555
12 0.171875 0.427344 0.162695 0.445703 0.157031 0.468750 0.155859 0.488281 0.165039 0.503125 0.183398 0.505469 0.201758 0.496289 0.240820 0.498633 0.232813 0.474414 0.230469 0.452734 0.201758 0.441211
10 0.719922 0.414844 0.730273 0.428516 0.714063 0.477930 0.703906 0.495117 0.676172 0.507812 0.648633 0.510156 0.629102 0.498633 0.574023 0.503125 0.564844 0.498633 0.578516 0.481445 0.594727 0.452734 0.634961 0.448047 0.675000 0.437695 0.708398 0.422852
7 0.710742 0.492969 0.727930 0.513477 0.755469 0.569922 0.742969 0.646875 0.739453 0.711133 0.722266 0.765234 0.625781 0.774414 0.374023 0.770898 0.228125 0.765234 0.152344 0.756055 0.139648 0.731836 0.141992 0.667578 0.137500 0.631836 0.136328 0.585938 0.151172 0.489453 0.157031 0.489453 0.165039 0.504297 0.183398 0.506641 0.201758 0.497461 0.240820 0.499805 0.231641 0.452734 0.254688 0.458398 0.392383 0.464062 0.491211 0.464062 0.580859 0.458398 0.593555 0.454883 0.576367 0.481445 0.558984 0.495117 0.571680 0.507812 0.626758 0.496289 0.648633 0.510156 0.685352 0.504297
18 0.773438 0.594727 0.789844 0.619922 0.799805 0.647656 0.805469 0.669141 0.811914 0.718359 0.810547 0.782813 0.798633 0.837109 0.782227 0.876172 0.755078 0.903320 0.720898 0.909180 0.657227 0.909180 0.626953 0.862305 0.619336 0.837109 0.616797 0.804297 0.679883 0.804297 0.690039 0.792383 0.690039 0.768945 0.726562 0.766406 0.742969 0.707031 0.742969 0.654687 0.753711 0.587305
18 0.865625 0.522656 0.878125 0.550586 0.882031 0.588477 0.882031 0.678125 0.875000 0.764453 0.867383 0.782813 0.844141 0.790430 0.809961 0.791602 0.813672 0.729883 0.856641 0.688086 0.859766 0.554297 0.864844 0.522656
9 0.754492 0.353516 0.744922 0.321875 0.741797 0.256250 0.735547 0.221680 0.734180 0.186914 0.739844 0.162305 0.759375 0.153320 0.777148 0.153320 0.787891 0.178125 0.802344 0.226562 0.830859 0.371289 0.836523 0.443750 0.827734 0.530273 0.836523 0.636914 0.828320 0.647070 0.804297 0.657813 0.792383 0.623047 0.789062 0.551172 0.768945 0.407813 0.754492 0.350977
