0 0.339844 0.572266 0.289062 0.578125 0.279297 0.556641 0.250000 0.554688 0.257812 0.582031 0.238281 0.597656 0.103516 0.589844 0.109375 0.605469 0.128906 0.601562 0.115234 0.626953 0.128906 0.662109 0.287109 0.693359 0.341797 0.660156 0.343750 0.607422 0.328125 0.611328
1 0.257812 0.294922 0.228516 0.287109 0.185547 0.304688 0.162109 0.302734 0.146484 0.324219 0.130859 0.384766 0.156250 0.369141 0.154297 0.339844 0.179688 0.326172 0.177734 0.382812 0.197266 0.398438 0.210938 0.398438 0.228516 0.375000 0.226562 0.347656 0.212891 0.332031 0.224609 0.324219 0.259766 0.326172 0.265625 0.312500
4 0.476562 0.287109 0.488281 0.328125 0.458984 0.332031 0.470703 0.369141 0.490234 0.371094 0.474609 0.486328 0.457031 0.458984 0.439453 0.468750 0.449219 0.515625 0.486328 0.541016 0.501953 0.636719 0.621094 0.636719 0.634766 0.621094 0.638672 0.470703 0.617188 0.298828 0.544922 0.279297
5 0.279297 0.453125 0.261719 0.455078 0.257812 0.464844 0.251953 0.542969 0.257812 0.552734 0.277344 0.550781 0.287109 0.541016 0.304688 0.542969 0.304688 0.480469 0.298828 0.466797
10 0.619141 0.300781 0.640625 0.470703 0.634766 0.628906 0.779297 0.621094 0.794922 0.546875 0.781250 0.449219 0.703125 0.335938
16 0.250000 0.425781 0.240234 0.417969 0.171875 0.435547 0.154297 0.429688 0.121094 0.476562 0.136719 0.488281 0.111328 0.507812 0.128906 0.517578 0.136719 0.509766 0.146484 0.533203 0.121094 0.574219 0.154297 0.576172 0.177734 0.591797 0.236328 0.595703 0.251953 0.587891 0.244141 0.507812 0.257812 0.451172
17 0.185547 0.707031 0.185547 0.722656 0.197266 0.742188 0.208984 0.753906 0.232422 0.761719 0.250000 0.761719 0.267578 0.755859 0.279297 0.744141 0.289062 0.722656 0.287109 0.710938 0.277344 0.703125 0.191406 0.701172
17 0.687500 0.683594 0.681641 0.677734 0.666016 0.677734 0.662109 0.681641 0.626953 0.691406 0.623047 0.701172 0.626953 0.708984 0.644531 0.718750 0.664062 0.720703 0.673828 0.716797 0.683594 0.707031 0.687500 0.697266
17 0.417969 0.587891 0.386719 0.595703 0.369141 0.611328 0.351562 0.685547 0.353516 0.769531 0.369141 0.789062 0.400391 0.804688 0.433594 0.800781 0.451172 0.789062 0.466797 0.765625 0.480469 0.707031 0.478516 0.654297 0.466797 0.625000 0.437500 0.593750
17 0.855469 0.570312 0.833984 0.572266 0.822266 0.583984 0.806641 0.630859 0.798828 0.707031 0.806641 0.728516 0.822266 0.744141 0.869141 0.740234 0.890625 0.705078 0.898438 0.634766 0.894531 0.611328 0.878906 0.583984
