4 0.162109 0.488281 0.130859 0.578125 0.119141 0.583984 0.117188 0.546875 0.107422 0.601562 0.115234 0.644531 0.107422 0.705078 0.125000 0.773438 0.128906 0.751953 0.150391 0.773438 0.160156 0.750000
4 0.210938 0.330078 0.197266 0.339844 0.166016 0.343750 0.150391 0.361328 0.117188 0.474609 0.125000 0.523438 0.148438 0.460938 0.154297 0.421875 0.162109 0.410156 0.169922 0.416016 0.179688 0.410156
6 0.939453 0.548828 0.865234 0.546875 0.871094 0.515625 0.564453 0.527344 0.611328 0.695312 0.527344 0.673828 0.472656 0.722656 0.451172 0.683594 0.384766 0.681641 0.392578 0.773438 0.470703 0.798828 0.447266 0.859375 0.572266 0.822266 0.941406 0.814453 0.972656 0.744141 0.943359 0.722656 0.957031 0.658203 0.876953 0.636719 0.878906 0.593750 0.935547 0.582031
7 0.281250 0.296875 0.296875 0.431641 0.314453 0.453125 0.525391 0.437500 0.740234 0.449219 0.617188 0.294922 0.388672 0.283203
9 0.945312 0.556641 0.931641 0.566406 0.931641 0.574219 0.939453 0.580078 0.935547 0.583984 0.923828 0.585938 0.916016 0.576172 0.898438 0.591797 0.888672 0.591797 0.888672 0.599609 0.878906 0.609375 0.884766 0.628906 0.912109 0.640625 0.947266 0.634766 0.951172 0.591797 0.943359 0.580078 0.951172 0.568359
9 0.937500 0.505859 0.933594 0.500000 0.921875 0.500000 0.876953 0.515625 0.863281 0.535156 0.863281 0.541016 0.871094 0.546875 0.941406 0.544922 0.943359 0.541016
10 0.250000 0.304688 0.214844 0.326172 0.181641 0.410156 0.160156 0.414062 0.121094 0.558594 0.166016 0.490234 0.166016 0.761719 0.183594 0.783203 0.261719 0.794922 0.269531 0.326172
11 0.425781 0.599609 0.441406 0.613281 0.437500 0.652344 0.449219 0.667969 0.576172 0.660156 0.574219 0.628906 0.550781 0.597656 0.451172 0.593750
11 0.421875 0.523438 0.441406 0.541016 0.445312 0.550781 0.531250 0.556641 0.548828 0.562500 0.556641 0.560547 0.562500 0.550781 0.544922 0.529297
12 0.365234 0.455078 0.376953 0.486328 0.466797 0.519531 0.853516 0.515625 0.923828 0.496094 0.880859 0.470703 0.650391 0.443359
17 0.931641 0.843750 0.910156 0.853516 0.894531 0.884766 0.859375 0.865234 0.822266 0.890625 0.796875 0.892578 0.781250 0.906250 0.787109 0.933594 0.832031 0.968750 0.863281 0.972656 0.898438 0.964844 0.912109 0.947266 0.927734 0.900391
17 0.070312 0.714844 0.056641 0.728516 0.048828 0.759766 0.062500 0.904297 0.078125 0.931641 0.113281 0.935547 0.132812 0.919922 0.138672 0.859375 0.099609 0.826172 0.083984 0.734375
17 0.332031 0.679688 0.306641 0.728516 0.294922 0.806641 0.318359 0.996094 0.445312 0.998047 0.441406 0.937500 0.390625 0.855469 0.359375 0.695312
