0 0.437500 0.669922 0.546875 0.695312 0.783203 0.681641 0.982422 0.625000 0.968750 0.601562 0.927734 0.611328 0.943359 0.580078 0.804688 0.582031 0.791016 0.611328 0.730469 0.613281 0.712891 0.582031 0.521484 0.576172 0.542969 0.597656 0.486328 0.599609
1 0.404297 0.246094 0.406250 0.275391 0.419922 0.289062 0.496094 0.292969 0.560547 0.283203 0.619141 0.292969 0.636719 0.283203 0.621094 0.269531 0.626953 0.222656 0.605469 0.201172 0.453125 0.189453 0.425781 0.210938
3 0.503906 0.390625 0.494141 0.458984 0.496094 0.537109 0.503906 0.548828 0.515625 0.544922 0.517578 0.519531 0.535156 0.490234 0.541016 0.548828 0.548828 0.548828 0.546875 0.515625 0.558594 0.464844 0.550781 0.398438 0.529297 0.423828
5 0.966797 0.349609 0.957031 0.353516 0.953125 0.365234 0.953125 0.474609 0.943359 0.550781 0.962891 0.539062 0.972656 0.515625 0.978516 0.396484
8 0.333984 0.179688 0.275391 0.214844 0.193359 0.355469 0.195312 0.548828 0.238281 0.574219 0.248047 0.431641 0.279297 0.439453 0.250000 0.347656 0.263672 0.337891 0.283203 0.386719 0.330078 0.244141 0.281250 0.330078 0.277344 0.226562
10 0.251953 0.427734 0.232422 0.535156 0.248047 0.576172 0.283203 0.583984 0.285156 0.484375 0.269531 0.439453 0.263672 0.443359
10 0.326172 0.189453 0.308594 0.207031 0.287109 0.210938 0.279297 0.226562 0.277344 0.242188 0.291016 0.269531 0.287109 0.296875 0.277344 0.316406 0.281250 0.328125 0.289062 0.320312 0.308594 0.259766 0.330078 0.230469
16 0.302734 0.328125 0.300781 0.603516 0.357422 0.468750 0.427734 0.646484 0.558594 0.566406 0.789062 0.609375 0.798828 0.560547 0.810547 0.591797 0.919922 0.580078 0.951172 0.359375 0.996094 0.417969 0.994141 0.308594
17 0.691406 0.705078 0.693359 0.724609 0.718750 0.757812 0.742188 0.765625 0.767578 0.765625 0.789062 0.753906 0.798828 0.742188 0.810547 0.714844 0.812500 0.691406 0.750000 0.687500 0.703125 0.697266
17 0.353516 0.537109 0.333984 0.578125 0.330078 0.771484 0.363281 0.814453 0.404297 0.820312 0.429688 0.806641 0.441406 0.746094 0.412109 0.722656 0.398438 0.609375 0.375000 0.544922
17 0.150391 0.480469 0.142578 0.535156 0.150391 0.634766 0.158203 0.650391 0.179688 0.654297 0.195312 0.646484 0.197266 0.630859 0.177734 0.591797 0.164062 0.494141 0.158203 0.482422
