0 0.527344 0.566406 0.560547 0.693359 0.621094 0.673828 0.835938 0.675781 0.871094 0.652344 0.853516 0.644531 0.875000 0.634766 0.878906 0.585938 0.861328 0.501953 0.763672 0.582031 0.613281 0.498047 0.566406 0.562500
1 0.537109 0.279297 0.578125 0.339844 0.603516 0.361328 0.777344 0.353516 0.757812 0.322266 0.693359 0.287109 0.578125 0.269531
2 0.460938 0.292969 0.396484 0.289062 0.378906 0.384766 0.353516 0.431641 0.339844 0.519531 0.339844 0.658203 0.351562 0.679688 0.412109 0.679688 0.496094 0.333984
3 0.650391 0.455078 0.648438 0.431641 0.630859 0.402344 0.621094 0.410156 0.609375 0.412109 0.570312 0.404297 0.554688 0.404297 0.550781 0.408203 0.556641 0.425781 0.574219 0.443359 0.605469 0.458984 0.646484 0.458984
4 0.066406 0.390625 0.017578 0.398438 0.001953 0.410156 0.003906 0.515625 0.017578 0.531250 0.023438 0.556641 0.068359 0.546875
8 0.394531 0.289062 0.328125 0.320312 0.250000 0.447266 0.224609 0.566406 0.226562 0.660156 0.244141 0.677734 0.339844 0.673828 0.339844 0.494141
10 0.072266 0.392578 0.070312 0.548828 0.078125 0.558594 0.123047 0.566406 0.144531 0.464844 0.144531 0.435547 0.125000 0.408203
15 0.787109 0.365234 0.726562 0.357422 0.615234 0.369141 0.656250 0.423828 0.650391 0.472656 0.667969 0.511719 0.681641 0.466797 0.671875 0.445312 0.693359 0.423828 0.677734 0.414062 0.662109 0.427734 0.656250 0.408203 0.714844 0.408203 0.744141 0.435547 0.800781 0.441406 0.816406 0.425781
16 0.791016 0.367188 0.818359 0.425781 0.800781 0.443359 0.744141 0.437500 0.714844 0.410156 0.658203 0.408203 0.662109 0.425781 0.677734 0.412109 0.695312 0.423828 0.673828 0.445312 0.683594 0.466797 0.660156 0.521484 0.753906 0.580078 0.833984 0.533203 0.855469 0.500000 0.835938 0.466797 0.851562 0.402344
17 0.822266 0.683594 0.798828 0.683594 0.783203 0.691406 0.781250 0.703125 0.771484 0.699219 0.734375 0.707031 0.724609 0.720703 0.724609 0.734375 0.736328 0.757812 0.759766 0.773438 0.800781 0.765625 0.824219 0.720703 0.828125 0.691406
17 0.164062 0.556641 0.148438 0.583984 0.138672 0.625000 0.140625 0.693359 0.160156 0.750000 0.173828 0.759766 0.203125 0.759766 0.218750 0.748047 0.224609 0.710938 0.210938 0.687500 0.185547 0.564453
17 0.474609 0.550781 0.457031 0.566406 0.441406 0.611328 0.439453 0.734375 0.470703 0.789062 0.507812 0.796875 0.535156 0.781250 0.544922 0.736328 0.507812 0.576172 0.496094 0.556641
