4 0.308594 0.232422 0.224609 0.251953 0.169922 0.337891 0.164062 0.566406 0.146484 0.583984 0.193359 0.644531 0.265625 0.652344 0.265625 0.445312
6 0.564453 0.570312 0.611328 0.705078 0.824219 0.730469 0.943359 0.710938 0.998047 0.664062 0.994141 0.466797 0.994141 0.509766 0.970703 0.513672 0.943359 0.439453 0.734375 0.435547 0.763672 0.523438 0.595703 0.486328
7 0.406250 0.230469 0.462891 0.357422 0.742188 0.367188 0.681641 0.292969 0.626953 0.250000 0.468750 0.226562
10 0.324219 0.228516 0.308594 0.238281 0.273438 0.396484 0.267578 0.648438 0.404297 0.677734 0.423828 0.335938 0.386719 0.240234
11 0.585938 0.425781 0.591797 0.470703 0.623047 0.494141 0.666016 0.509766 0.757812 0.519531 0.726562 0.441406 0.644531 0.433594 0.613281 0.423828
12 0.507812 0.367188 0.648438 0.425781 0.960938 0.431641 0.900391 0.398438 0.796875 0.378906
16 0.105469 0.433594 0.076172 0.441406 0.054688 0.470703 0.050781 0.544922 0.060547 0.560547 0.066406 0.523438 0.089844 0.490234 0.109375 0.492188 0.130859 0.533203 0.138672 0.525391 0.138672 0.470703 0.125000 0.445312
17 0.908203 0.732422 0.849609 0.734375 0.832031 0.742188 0.777344 0.740234 0.751953 0.753906 0.750000 0.765625 0.777344 0.802734 0.812500 0.816406 0.847656 0.816406 0.867188 0.808594 0.892578 0.783203 0.906250 0.755859
17 0.505859 0.578125 0.470703 0.601562 0.441406 0.650391 0.431641 0.763672 0.455078 0.828125 0.490234 0.869141 0.550781 0.878906 0.613281 0.837891 0.638672 0.748047 0.593750 0.697266 0.554688 0.593750 0.537109 0.578125
17 0.097656 0.554688 0.080078 0.580078 0.072266 0.660156 0.087891 0.748047 0.097656 0.765625 0.115234 0.767578 0.154297 0.750000 0.167969 0.681641 0.140625 0.648438 0.121094 0.558594
