2 0.652344 0.228516 0.679688 0.369141 0.681641 0.607422 0.769531 0.599609 0.787109 0.578125 0.802734 0.437500 0.792969 0.351562 0.751953 0.246094
6 0.044922 0.421875 0.011719 0.515625 0.003906 0.617188 0.023438 0.638672 0.210938 0.691406 0.320312 0.675781 0.363281 0.550781 0.326172 0.462891 0.181641 0.500000 0.218750 0.423828
7 0.541016 0.234375 0.470703 0.230469 0.361328 0.246094 0.246094 0.355469 0.472656 0.357422
8 0.648438 0.228516 0.556641 0.246094 0.509766 0.343750 0.531250 0.628906 0.679688 0.607422 0.677734 0.369141
9 0.337891 0.416016 0.312500 0.412109 0.259766 0.423828 0.222656 0.423828 0.189453 0.466797 0.181641 0.498047 0.263672 0.488281 0.308594 0.472656 0.333984 0.449219
12 0.458984 0.361328 0.222656 0.359375 0.091797 0.384766 0.058594 0.414062 0.224609 0.421875 0.335938 0.412109 0.349609 0.388672 0.400391 0.394531
16 0.970703 0.386719 0.835938 0.371094 0.814453 0.388672 0.794922 0.578125 0.804688 0.603516 0.818359 0.601562 0.843750 0.513672 0.873047 0.478516 0.902344 0.496094 0.929688 0.578125 0.958984 0.562500 0.974609 0.470703
17 0.091797 0.687500 0.091797 0.699219 0.101562 0.716797 0.123047 0.734375 0.148438 0.746094 0.177734 0.748047 0.201172 0.726562 0.201172 0.710938 0.187500 0.697266 0.109375 0.677734 0.097656 0.679688
17 0.427734 0.544922 0.398438 0.548828 0.361328 0.578125 0.318359 0.705078 0.330078 0.765625 0.369141 0.806641 0.441406 0.796875 0.484375 0.705078 0.488281 0.646484 0.472656 0.597656
17 0.867188 0.519531 0.853516 0.525391 0.845703 0.541016 0.830078 0.623047 0.812500 0.660156 0.824219 0.701172 0.851562 0.712891 0.871094 0.712891 0.886719 0.703125 0.910156 0.611328 0.902344 0.550781 0.880859 0.523438
