2 0.148242 0.288281 0.194336 0.291797 0.316016 0.292969 0.588281 0.284961 0.591797 0.183789 0.586133 0.078125 0.543555 0.067773 0.406836 0.063281 0.235547 0.075781 0.189648 0.082812 0.157422 0.172266 0.148242 0.221680 0.149414 0.250391
17 0.144922 0.295312 0.142578 0.371094 0.139063 0.390625 0.124219 0.408984 0.125391 0.613477 0.158594 0.634180 0.202344 0.641016 0.460742 0.645703 0.538867 0.644531 0.563086 0.641016 0.595313 0.629687 0.611328 0.612305 0.605664 0.559570 0.606641 0.407813 0.589453 0.379102 0.586133 0.356250 0.592969 0.284961 0.212695 0.294141
4 0.094336 0.361914 0.100000 0.587109 0.124219 0.612305 0.123047 0.407813 0.139063 0.388281 0.144922 0.290625 0.150586 0.245898 0.150586 0.206836 0.119531 0.216016 0.089648 0.299805 0.090820 0.325195
6 0.616016 0.612305 0.634375 0.592773 0.638867 0.542188 0.635547 0.416992 0.638867 0.371094 0.661914 0.297656 0.636523 0.205664 0.594141 0.196484 0.591797 0.251563 0.587109 0.283789 0.594141 0.289453 0.586133 0.330859 0.583789 0.364258 0.588281 0.384961 0.606641 0.408984 0.606641 0.564063
1 0.669922 0.522656 0.720508 0.520508 0.740039 0.551562 0.735352 0.630664 0.697461 0.610156 0.742383 0.682422 0.718164 0.777734 0.649219 0.788086 0.627344 0.761719 0.565430 0.765234 0.538867 0.760547 0.517188 0.760547 0.504492 0.768555 0.482617 0.756055 0.418359 0.753711 0.409180 0.769727 0.395313 0.758203 0.356250 0.753711 0.325195 0.753711 0.309180 0.766406 0.297656 0.752539 0.250586 0.751367 0.228711 0.764062 0.211523 0.751367 0.113867 0.741016 0.078320 0.730664 0.063281 0.591602 0.073633 0.510156 0.070117 0.427344 0.073633 0.376758 0.091992 0.349219 0.100000 0.525000 0.098828 0.590625 0.126562 0.614648 0.157422 0.635352 0.221875 0.642188 0.434375 0.645703 0.564258 0.639844 0.612500 0.611133 0.632031 0.593945 0.637695 0.523828
5 0.680859 0.065625 0.706641 0.071680 0.723242 0.079102 0.788477 0.364844 0.793750 0.479102 0.792969 0.560937 0.778516 0.570117 0.783789 0.466211 0.770117 0.414062 0.742969 0.356445 0.700586 0.152734 0.676953 0.065625
11 0.794531 0.555664 0.791211 0.364844 0.725586 0.082227 0.746680 0.121680 0.772461 0.191992 0.804297 0.304102 0.815625 0.365625 0.818750 0.433008 0.817187 0.541211 0.794531 0.558008
18 0.657617 0.841211 0.724023 0.830469 0.746680 0.648633 0.743945 0.610352 0.751172 0.582227 0.759375 0.590430 0.768555 0.674023 0.767578 0.881250 0.747656 0.955859 0.718555 0.968555 0.673047 0.970313 0.660352 0.933984 0.648633 0.850391 0.652148 0.843164
18 0.137891 0.821680 0.160352 0.825000 0.234961 0.806836 0.283008 0.814844 0.261328 0.908594 0.224805 0.937695 0.186719 0.943164 0.164062 0.921289 0.148633 0.877734
18 0.781250 0.733984 0.824805 0.679492 0.827539 0.556836 0.833008 0.510352 0.843164 0.508594 0.847656 0.579492 0.841211 0.715820 0.831250 0.735742 0.774023 0.738477
