0 0.427734 0.687500 0.416016 0.671875 0.419922 0.642578 0.349609 0.648438 0.337891 0.664062 0.320312 0.662109 0.308594 0.671875 0.291016 0.667969 0.281250 0.675781 0.298828 0.699219 0.341797 0.710938 0.414062 0.710938
0 0.095703 0.673828 0.099609 0.685547 0.117188 0.695312 0.160156 0.703125 0.222656 0.701172 0.234375 0.689453 0.261719 0.689453 0.224609 0.683594 0.207031 0.660156 0.193359 0.671875 0.187500 0.658203 0.197266 0.644531 0.187500 0.640625 0.160156 0.644531 0.150391 0.654297 0.140625 0.640625 0.115234 0.638672 0.113281 0.656250
1 0.560547 0.359375 0.541016 0.296875 0.527344 0.302734 0.507812 0.285156 0.351562 0.294922 0.306641 0.328125 0.271484 0.406250 0.310547 0.404297 0.316406 0.390625 0.554688 0.394531
3 0.115234 0.449219 0.103516 0.468750 0.097656 0.496094 0.103516 0.527344 0.099609 0.550781 0.103516 0.566406 0.099609 0.591797 0.103516 0.597656 0.119141 0.595703 0.119141 0.560547 0.126953 0.542969 0.126953 0.507812
4 0.564453 0.273438 0.541016 0.294922 0.593750 0.414062 0.599609 0.683594 0.656250 0.683594 0.675781 0.552734 0.660156 0.390625 0.634766 0.294922
5 0.398438 0.437500 0.388672 0.445312 0.386719 0.490234 0.376953 0.542969 0.386719 0.554688 0.392578 0.597656 0.419922 0.591797 0.423828 0.554688 0.419922 0.457031 0.412109 0.441406
10 0.636719 0.296875 0.677734 0.515625 0.666016 0.683594 0.718750 0.685547 0.748047 0.617188 0.750000 0.513672 0.726562 0.421875 0.685547 0.335938
16 0.132812 0.427734 0.103516 0.599609 0.125000 0.634766 0.193359 0.640625 0.228516 0.679688 0.419922 0.640625 0.419922 0.712891 0.470703 0.724609 0.533203 0.552734 0.585938 0.666016 0.589844 0.523438 0.560547 0.437500 0.423828 0.398438
17 0.191406 0.740234 0.201172 0.822266 0.208984 0.839844 0.228516 0.853516 0.267578 0.845703 0.279297 0.832031 0.291016 0.792969 0.289062 0.757812 0.273438 0.751953 0.244141 0.755859 0.216797 0.740234
17 0.531250 0.613281 0.513672 0.615234 0.505859 0.628906 0.474609 0.789062 0.486328 0.847656 0.501953 0.859375 0.546875 0.843750 0.574219 0.761719 0.550781 0.646484
17 0.783203 0.607422 0.767578 0.615234 0.746094 0.716797 0.707031 0.748047 0.712891 0.779297 0.728516 0.800781 0.781250 0.804688 0.796875 0.796875 0.808594 0.777344 0.816406 0.687500 0.800781 0.630859
