0 0.000000 0.000000 0.000000 0.998047 0.998047 0.998047 0.998047 0.000000
1 0.173828 0.574219 0.146484 0.669922 0.156250 0.798828 0.490234 0.972656 0.619141 0.912109 0.667969 0.666016 0.595703 0.683594 0.539062 0.611328 0.458984 0.638672 0.435547 0.710938 0.394531 0.724609 0.220703 0.664062 0.220703 0.623047 0.277344 0.623047
2 0.503906 0.333984 0.457031 0.283203 0.445312 0.238281 0.412109 0.199219 0.287109 0.205078 0.248047 0.222656 0.203125 0.414062 0.468750 0.427734
3 0.808594 0.414062 0.800781 0.427734 0.802734 0.458984 0.812500 0.478516 0.812500 0.529297 0.802734 0.560547 0.804688 0.605469 0.826172 0.582031 0.833984 0.546875 0.828125 0.501953 0.837891 0.490234 0.835938 0.441406
5 0.691406 0.423828 0.695312 0.507812 0.734375 0.681641 0.761719 0.646484 0.730469 0.462891 0.710938 0.457031
5 0.957031 0.265625 0.947266 0.273438 0.939453 0.302734 0.933594 0.306641 0.917969 0.298828 0.910156 0.320312 0.908203 0.367188 0.933594 0.423828 0.953125 0.412109 0.962891 0.396484
5 0.652344 0.179688 0.646484 0.236328 0.615234 0.242188 0.630859 0.341797 0.667969 0.294922 0.691406 0.300781 0.726562 0.353516 0.718750 0.398438 0.736328 0.402344 0.748047 0.390625 0.736328 0.294922 0.718750 0.302734 0.701172 0.289062 0.716797 0.261719 0.691406 0.195312
16 0.201172 0.417969 0.208984 0.578125 0.332031 0.642578 0.250000 0.667969 0.419922 0.718750 0.470703 0.572266 0.478516 0.433594 0.359375 0.427734 0.412109 0.435547 0.382812 0.482422 0.287109 0.535156 0.226562 0.490234 0.220703 0.429688 0.292969 0.423828
17 0.193359 0.515625 0.205078 0.582031 0.281250 0.625000 0.224609 0.623047 0.210938 0.652344 0.308594 0.697266 0.248047 0.664062 0.326172 0.638672 0.218750 0.591797 0.203125 0.570312 0.207031 0.531250
17 0.224609 0.482422 0.259766 0.523438 0.302734 0.531250 0.375000 0.488281 0.386719 0.470703 0.382812 0.458984 0.410156 0.435547 0.230469 0.425781 0.222656 0.429688
