15 0.228711 0.344727 0.168945 0.344727 0.147266 0.337695 0.136914 0.321680 0.139063 0.294141 0.148242 0.274609 0.175977 0.267773 0.200000 0.265430 0.218359 0.283789 0.224219 0.307812
13 0.296484 0.349219 0.290820 0.365430 0.290820 0.389453 0.324023 0.469922 0.345898 0.475586 0.360938 0.484766 0.381641 0.505469 0.435547 0.505469 0.456250 0.511328 0.845703 0.471094 0.874414 0.460742 0.873242 0.437695 0.888281 0.421680 0.873242 0.402148 0.826172 0.364258 0.791797 0.327344 0.749219 0.332031 0.571094 0.340039 0.342578 0.355078
8 0.284961 0.126367 0.424023 0.114844 0.610156 0.122852 0.643555 0.152734 0.708984 0.228711 0.740039 0.266602 0.759570 0.299805 0.781445 0.326367 0.649219 0.336719 0.534375 0.340039 0.332227 0.355078 0.302344 0.353906 0.288477 0.341211 0.280469 0.317188 0.276953 0.282617 0.281641 0.179297
12 0.278125 0.464062 0.339062 0.473438 0.360938 0.483594 0.379297 0.499805 0.397656 0.527344 0.432031 0.596289 0.440234 0.616992 0.436719 0.627344 0.368945 0.621484 0.296484 0.599805 0.275781 0.579102 0.263281 0.475586
10 0.891602 0.420508 0.911133 0.448047 0.923828 0.482617 0.928516 0.522656 0.896289 0.556055 0.892773 0.491797 0.880078 0.457227 0.876758 0.438867
7 0.278125 0.582422 0.243750 0.587109 0.266602 0.785937 0.263281 0.860547 0.288477 0.893750 0.316016 0.917969 0.359766 0.935156 0.390820 0.944336 0.432031 0.946680 0.560742 0.943164 0.612500 0.936328 0.676758 0.933984 0.823828 0.886914 0.892773 0.853711 0.928516 0.828320 0.949023 0.807617 0.952539 0.767383 0.951367 0.736523 0.945703 0.709961 0.943359 0.672070 0.953711 0.625000 0.952539 0.577930 0.938672 0.529687 0.931836 0.522656 0.898633 0.552539 0.893945 0.493945 0.882422 0.460742 0.849219 0.469922 0.800977 0.477930 0.652734 0.490625 0.483789 0.510156 0.457422 0.512500 0.433203 0.506641 0.379297 0.508984 0.408008 0.544531 0.442383 0.615820 0.436719 0.627344 0.380469 0.623828 0.300000 0.600781
11 0.250000 0.109180 0.261328 0.158398 0.252539 0.261914 0.226562 0.356641 0.215234 0.515820 0.217773 0.627539 0.183008 0.527148 0.173047 0.354102 0.197656 0.262695 0.224023 0.141992 0.225391 0.123828 0.241797 0.107227
5 0.160938 0.457617 0.152148 0.344727 0.159766 0.270898 0.176758 0.216602 0.212695 0.128125 0.231055 0.114844 0.168555 0.349805 0.172266 0.373047 0.178711 0.511914 0.162305 0.460938
18 0.227344 0.683008 0.227344 0.643945 0.232227 0.598437 0.241211 0.584570 0.264453 0.788477 0.258789 0.855469 0.251953 0.882031 0.238672 0.844141 0.225391 0.680469
18 0.155273 0.501172 0.149023 0.418555 0.152148 0.401562 0.177344 0.561328 0.166016 0.554883 0.159180 0.539844 0.155859 0.506250
14 0.740625 0.246289 0.761914 0.247461 0.778320 0.261328 0.783398 0.290430 0.768359 0.303125 0.745508 0.268945 0.739258 0.243750
