0 0.550781 0.632812 0.455078 0.492188 0.378906 0.533203 0.373047 0.589844 0.271484 0.626953 0.212891 0.630859 0.119141 0.583984 0.095703 0.605469 0.125000 0.724609 0.423828 0.845703 0.494141 0.833984
1 0.525391 0.287109 0.519531 0.277344 0.466797 0.277344 0.390625 0.291016 0.283203 0.330078 0.236328 0.367188 0.351562 0.380859 0.406250 0.376953
3 0.123047 0.427734 0.115234 0.466797 0.119141 0.515625 0.109375 0.554688 0.128906 0.556641 0.136719 0.542969 0.138672 0.472656 0.152344 0.451172
4 0.626953 0.294922 0.607422 0.306641 0.583984 0.408203 0.589844 0.462891 0.619141 0.494141 0.621094 0.539062 0.693359 0.724609 0.765625 0.689453 0.763672 0.478516 0.705078 0.298828
5 0.484375 0.445312 0.398438 0.447266 0.375000 0.453125 0.363281 0.460938 0.359375 0.474609 0.369141 0.519531 0.382812 0.529297 0.406250 0.523438 0.449219 0.492188 0.462891 0.488281 0.484375 0.457031
10 0.707031 0.298828 0.765625 0.478516 0.775391 0.689453 0.853516 0.646484 0.869141 0.511719 0.830078 0.410156 0.775391 0.337891
15 0.414062 0.376953 0.244141 0.378906 0.146484 0.398438 0.132812 0.431641 0.154297 0.457031 0.132812 0.587891 0.236328 0.626953 0.343750 0.585938 0.335938 0.566406 0.312500 0.570312 0.312500 0.521484 0.359375 0.517578 0.357422 0.455078
16 0.363281 0.503906 0.361328 0.517578 0.351562 0.523438 0.314453 0.521484 0.318359 0.533203 0.314453 0.570312 0.335938 0.564453 0.349609 0.578125 0.343750 0.587891 0.316406 0.601562 0.369141 0.589844 0.380859 0.574219 0.375000 0.529297 0.365234 0.517578
17 0.878906 0.720703 0.873047 0.728516 0.873047 0.759766 0.861328 0.812500 0.861328 0.857422 0.865234 0.875000 0.882812 0.890625 0.898438 0.847656 0.904297 0.763672 0.894531 0.732422
17 0.599609 0.630859 0.572266 0.634766 0.537109 0.693359 0.492188 0.873047 0.498047 0.894531 0.546875 0.927734 0.583984 0.921875 0.615234 0.888672 0.650391 0.785156 0.644531 0.681641 0.630859 0.650391
17 0.898438 0.544922 0.884766 0.558594 0.873047 0.666016 0.861328 0.689453 0.878906 0.710938 0.896484 0.693359 0.910156 0.630859 0.912109 0.562500
