0 0.146484 0.507812 0.125000 0.562500 0.130859 0.636719 0.158203 0.652344 0.197266 0.654297 0.220703 0.564453 0.218750 0.537109 0.193359 0.507812 0.164062 0.525391
2 0.958984 0.332031 0.960938 0.404297 0.968750 0.412109 0.986328 0.408203 0.994141 0.414062 0.998047 0.404297 0.998047 0.337891 0.994141 0.333984
2 0.761719 0.130859 0.750000 0.132812 0.750000 0.195312 0.742188 0.228516 0.744141 0.275391 0.759766 0.273438 0.777344 0.253906 0.783203 0.253906 0.792969 0.214844 0.791016 0.156250 0.777344 0.138672
4 0.455078 0.337891 0.349609 0.351562 0.289062 0.392578 0.285156 0.439453 0.312500 0.541016 0.355469 0.646484 0.380859 0.660156 0.476562 0.652344
5 0.205078 0.443359 0.150391 0.443359 0.144531 0.449219 0.136719 0.476562 0.138672 0.500000 0.142578 0.501953 0.156250 0.484375 0.171875 0.480469 0.201172 0.457031
7 0.884766 0.365234 0.869141 0.357422 0.822266 0.359375 0.806641 0.369141 0.804688 0.386719 0.775391 0.388672 0.769531 0.392578 0.769531 0.402344 0.789062 0.408203 0.806641 0.406250 0.814453 0.410156 0.816406 0.417969 0.867188 0.414062 0.875000 0.404297
8 0.957031 0.332031 0.937500 0.332031 0.916016 0.343750 0.904297 0.363281 0.890625 0.423828 0.900391 0.433594 0.898438 0.458984 0.919922 0.474609 0.923828 0.462891 0.908203 0.447266 0.925781 0.429688 0.955078 0.419922 0.960938 0.410156
8 0.748047 0.130859 0.732422 0.132812 0.710938 0.146484 0.708984 0.167969 0.695312 0.187500 0.697266 0.234375 0.732422 0.265625 0.736328 0.277344 0.742188 0.271484 0.740234 0.228516 0.748047 0.195312
10 0.462891 0.339844 0.476562 0.658203 0.660156 0.666016 0.671875 0.521484 0.658203 0.451172 0.560547 0.363281
11 0.828125 0.505859 0.828125 0.511719 0.869141 0.546875 0.894531 0.556641 0.900391 0.552734 0.890625 0.527344 0.875000 0.509766 0.851562 0.501953 0.835938 0.501953
17 0.781250 0.566406 0.738281 0.576172 0.708984 0.626953 0.708984 0.701172 0.730469 0.738281 0.746094 0.746094 0.804688 0.742188 0.832031 0.679688 0.818359 0.595703 0.804688 0.576172
17 0.281250 0.554688 0.236328 0.572266 0.216797 0.617188 0.224609 0.718750 0.232422 0.734375 0.250000 0.742188 0.314453 0.736328 0.337891 0.681641 0.337891 0.630859 0.324219 0.593750 0.296875 0.560547
