15 0.192773 0.339844 0.150977 0.339844 0.127539 0.326758 0.122461 0.292969 0.143164 0.274805 0.171875 0.266992 0.190039 0.290430
8 0.226562 0.329492 0.221289 0.193945 0.270898 0.186133 0.343750 0.191406 0.408789 0.204492 0.440039 0.217383 0.476562 0.256445 0.546875 0.355469 0.486914 0.345117 0.328125 0.347656 0.289062 0.342383
13 0.229102 0.339844 0.229102 0.378906 0.281250 0.417969 0.393164 0.537695 0.455664 0.639258 0.486914 0.644531 0.544336 0.647070 0.630273 0.639258 0.666602 0.615820 0.703125 0.584570 0.697852 0.475195 0.682227 0.433594 0.643164 0.389258 0.575586 0.358008 0.502539 0.350195 0.369727 0.345117 0.283789 0.345117
12 0.278711 0.425781 0.268164 0.470117 0.289062 0.561133 0.291602 0.595117 0.343750 0.615820 0.455664 0.636719 0.411523 0.566406 0.367188 0.503906 0.333398 0.464844
7 0.224023 0.563867 0.263086 0.589844 0.325586 0.618555 0.403711 0.631445 0.445312 0.631445 0.520898 0.641992 0.575586 0.644531 0.632812 0.636719 0.684961 0.605469 0.726562 0.571680 0.731836 0.615820 0.731836 0.751367 0.718750 0.782617 0.658789 0.813867 0.583398 0.847656 0.505273 0.863281 0.463477 0.878906 0.403711 0.881445 0.338477 0.878906 0.289062 0.852930 0.255273 0.826758 0.244727 0.746094 0.236914 0.652344
18 0.202734 0.547266 0.214062 0.535352 0.222852 0.556836 0.231641 0.627539 0.246289 0.809375 0.254492 0.826953 0.298047 0.859180 0.294727 0.864258 0.229883 0.877539 0.212109 0.862305 0.196289 0.782227 0.190039 0.612305 0.193750 0.578906 0.202734 0.548047
18 0.101562 0.444531 0.116797 0.553711 0.129492 0.592187 0.106641 0.591602 0.100391 0.559961 0.095312 0.478516 0.099023 0.443164
11 0.130664 0.537891 0.125586 0.487305 0.127539 0.412891 0.133203 0.364844 0.145898 0.342187 0.198828 0.176758 0.203320 0.180469 0.205859 0.214062 0.203906 0.310547 0.200781 0.363672 0.179297 0.513867 0.179883 0.621289
5 0.123828 0.529687 0.112305 0.500000 0.104883 0.385156 0.110547 0.349023 0.136914 0.263867 0.157227 0.216602 0.176758 0.188086 0.196289 0.176172 0.147070 0.336523 0.130664 0.364844 0.123047 0.489844 0.126953 0.535352
10 0.688672 0.440625 0.698242 0.452734 0.709570 0.478516 0.715234 0.517773 0.719141 0.565039 0.704492 0.582031 0.701367 0.476562 0.685547 0.438086
