2 0.063867 0.454688 0.082812 0.472266 0.096289 0.480273 0.073438 0.504492 0.043750 0.557031 0.020898 0.535547 0.045117 0.483008
6 0.072070 0.557031 0.123242 0.563867 0.124609 0.577344 0.065234 0.605469 0.043750 0.602930 0.019531 0.593359 0.022070 0.561133 0.047656 0.562500 0.073438 0.504492 0.096289 0.478906 0.107031 0.480273 0.073438 0.532813
1 0.102930 0.588086 0.119141 0.624414 0.146094 0.659375 0.160938 0.695703 0.146094 0.713281 0.135352 0.737500 0.127148 0.763086 0.127148 0.800781 0.082812 0.792773 0.073438 0.803516 0.047656 0.798242 0.027539 0.768555 0.018164 0.744336 0.012695 0.679688 0.019531 0.664844 0.018164 0.594727 0.036914 0.604102 0.063867 0.608203
15 0.620313 0.558398 0.594531 0.575977 0.567773 0.575977 0.559570 0.559766 0.570312 0.530078 0.595898 0.532813
18 0.200000 0.681055 0.242969 0.683594 0.274023 0.721289 0.280859 0.753711 0.284766 0.796875 0.274023 0.842578 0.253906 0.869531 0.198633 0.876367 0.168945 0.861523 0.155469 0.838477 0.141992 0.799414 0.139258 0.767188 0.143359 0.738867 0.155469 0.711914
11 0.403320 0.492383 0.420898 0.589453 0.427539 0.674219 0.425000 0.729492 0.428906 0.752344 0.426172 0.788672 0.626953 0.775195 0.637695 0.725391 0.641797 0.629687 0.641797 0.598828 0.637695 0.570508 0.628320 0.543555 0.601367 0.517969 0.527344 0.472266 0.469336 0.454688 0.439648 0.449219 0.399219 0.447852
5 0.209375 0.588086 0.224219 0.538281 0.240430 0.464062 0.295508 0.451953 0.400586 0.446680 0.427539 0.667578 0.427539 0.695703 0.423633 0.725391 0.430273 0.757812 0.426172 0.791406 0.300977 0.799414 0.295508 0.756445 0.286133 0.724023 0.274023 0.705273 0.234961 0.679688 0.222852 0.625781
12 0.783203 0.575977 0.845117 0.569141 0.862695 0.557031 0.872070 0.577344 0.874805 0.602930 0.870703 0.615039 0.822266 0.610938
13 0.699609 0.522070 0.686133 0.489648 0.634961 0.457422 0.749609 0.476172 0.788672 0.492383 0.822266 0.508594 0.850586 0.530078 0.866797 0.554297 0.843750 0.571875 0.788672 0.574609 0.754883 0.570508 0.725195 0.561133 0.695703 0.555664 0.684961 0.542188
8 0.519141 0.451953 0.524609 0.395313 0.595898 0.445312 0.629687 0.461328 0.655273 0.469531 0.682227 0.488281 0.698438 0.522070 0.684961 0.538281 0.667383 0.540820 0.641797 0.531445 0.608008 0.512500 0.560937 0.476172
