14 0.720313 0.369727 0.813281 0.360352 0.832227 0.324219 0.830469 0.288281 0.815234 0.273047 0.769727 0.275000 0.760156 0.291992 0.752539 0.320508 0.731836 0.326172
15 0.217969 0.316602 0.206445 0.295703 0.206445 0.261719 0.217969 0.240820 0.246289 0.235156 0.265234 0.238867 0.248242 0.267383
13 0.663477 0.348828 0.673047 0.394336 0.642578 0.417187 0.582031 0.447461 0.430273 0.489258 0.415039 0.502539 0.297461 0.502539 0.193164 0.492969 0.149609 0.485352 0.149609 0.458789 0.111719 0.413281 0.109766 0.384961 0.202734 0.335547 0.221680 0.318555 0.263477 0.335547 0.361914 0.333789 0.456836 0.341211 0.502344 0.350781 0.557227 0.356445 0.610352 0.352734
10 0.447266 0.566992 0.479492 0.570703 0.540234 0.563086 0.578125 0.551758 0.619922 0.527148 0.638867 0.489258 0.646484 0.460742 0.642578 0.419141 0.606641 0.441797 0.498633 0.474023 0.445508 0.492969 0.405664 0.523438 0.472070 0.513867
12 0.100391 0.386719 0.075586 0.422852 0.064258 0.481641 0.090820 0.530859 0.117383 0.536523 0.113672 0.494922 0.115430 0.470313 0.145898 0.492969 0.147656 0.464648 0.109766 0.417187
18 0.694727 0.587109 0.703711 0.613477 0.700195 0.796094 0.691016 0.948047 0.676367 0.971680 0.615625 0.967969 0.606445 0.945312 0.609180 0.871680 0.621875 0.864258 0.636523 0.860742 0.649219 0.829883 0.649219 0.807031 0.634570 0.759766 0.640039 0.709766 0.651953 0.645312 0.664648 0.626172 0.668359 0.580664
18 0.838281 0.686523 0.870703 0.664648 0.883789 0.650977 0.893945 0.625977 0.901758 0.491016 0.908398 0.470313 0.922852 0.480469 0.932422 0.530469 0.931055 0.650586 0.926758 0.697852 0.915430 0.737305 0.901367 0.752734 0.848633 0.743945 0.841211 0.717187 0.838672 0.688281
9 0.725586 0.375391 0.710352 0.315430 0.722461 0.276172 0.730078 0.208594 0.741992 0.156250 0.763867 0.130078 0.792188 0.121289 0.850000 0.407031 0.839063 0.679883 0.747461 0.747461 0.749609 0.534766 0.741016 0.435547 0.726758 0.369922
3 0.794727 0.120508 0.808594 0.122461 0.846484 0.138086 0.866016 0.189258 0.889258 0.267578 0.908984 0.313672 0.900000 0.517578 0.883008 0.642578 0.839453 0.676758 0.850781 0.406445 0.792773 0.121094
8 0.223828 0.311523 0.300391 0.199414 0.369531 0.121875 0.451953 0.117188 0.573438 0.117969 0.719141 0.135742 0.672461 0.343359 0.625781 0.345117 0.481836 0.339453 0.347266 0.324609 0.224805 0.315234
7 0.087305 0.533984 0.121094 0.537695 0.118164 0.476953 0.146289 0.496484 0.148047 0.488086 0.420117 0.508789 0.401367 0.526367 0.468750 0.516211 0.443555 0.569531 0.481836 0.575000 0.604297 0.548828 0.622852 0.526367 0.661133 0.580664 0.648047 0.639453 0.630469 0.765625 0.646289 0.817187 0.627539 0.855469 0.470508 0.887109 0.076172 0.810547 0.030469 0.762891 0.016406 0.732031 0.021875 0.722656 0.017383 0.599414 0.059375 0.483398
