2 0.408008 0.260742 0.442383 0.252734 0.497656 0.245898 0.557422 0.242383 0.634375 0.245898 0.687109 0.288281 0.725000 0.329688 0.646875 0.329688 0.552734 0.336719 0.472266 0.348047 0.455078 0.343555 0.420703 0.283789
16 0.459766 0.343555 0.461914 0.357227 0.483789 0.365430 0.498828 0.377930 0.503320 0.395313 0.526367 0.397461 0.538867 0.430859 0.561914 0.541211 0.584961 0.546875 0.732031 0.526172 0.753711 0.519336 0.762891 0.505469 0.776758 0.405469 0.773242 0.377930 0.785937 0.367578 0.776758 0.349219 0.764062 0.340039 0.733203 0.330859 0.636523 0.329688 0.560742 0.336719 0.483789 0.349219
4 0.499805 0.396289 0.405664 0.395313 0.402148 0.407813 0.417187 0.436523 0.425195 0.472266 0.449414 0.473438 0.500977 0.482617 0.555078 0.505469 0.528516 0.399805
6 0.791797 0.365430 0.773242 0.374609 0.776758 0.420508 0.771094 0.469922 0.811328 0.430859 0.804297 0.380273
1 0.429883 0.468750 0.435547 0.491797 0.435547 0.512500 0.428711 0.526172 0.410352 0.533008 0.379297 0.538867 0.367773 0.551562 0.386133 0.621484 0.394141 0.667578 0.408008 0.708789 0.467773 0.709961 0.525195 0.705469 0.548047 0.695117 0.685937 0.666406 0.720508 0.661719 0.767578 0.645703 0.785937 0.642188 0.799805 0.646875 0.821484 0.642188 0.822656 0.503125 0.808984 0.433203 0.772266 0.472266 0.762891 0.507812 0.750391 0.518164 0.729688 0.527344 0.697461 0.529687 0.618164 0.543359 0.589453 0.544531 0.559570 0.537695 0.555078 0.510156 0.536719 0.496289 0.452734 0.473438
14 0.225391 0.398633 0.203516 0.396289 0.190820 0.385937 0.194336 0.365430 0.205859 0.355078 0.223047 0.349219 0.228711 0.363086 0.227539 0.382617 0.239063 0.382617 0.236719 0.396289
18 0.353906 0.559570 0.336719 0.585938 0.332227 0.651367 0.334375 0.699609 0.348242 0.768555 0.357422 0.790430 0.413672 0.790430 0.420703 0.767383 0.428711 0.712305 0.406836 0.712305 0.376953 0.583594
3 0.354883 0.246289 0.368750 0.256250 0.386328 0.309961 0.344141 0.474023 0.320703 0.553125 0.320703 0.647656 0.280273 0.629492 0.270898 0.514453 0.272070 0.426758 0.322656 0.250000
9 0.318750 0.250977 0.321289 0.250000 0.275977 0.410352 0.269531 0.452734 0.278320 0.621875 0.230469 0.594727 0.228516 0.410352 0.239844 0.356055 0.260742 0.317578 0.289062 0.275195 0.311914 0.253711 0.318750 0.250586
18 0.663477 0.680469 0.760156 0.649609 0.747070 0.699805 0.725977 0.718359 0.701367 0.722266 0.674805 0.709570 0.661523 0.680469
18 0.191211 0.499414 0.198828 0.492383 0.207617 0.513281 0.215820 0.590234 0.222852 0.609180 0.245508 0.623828 0.231641 0.657813 0.205273 0.657227 0.195117 0.630078 0.185547 0.556250 0.191211 0.501172
