0 0.617188 0.671875 0.570312 0.652344 0.542969 0.542969 0.468750 0.541016 0.480469 0.644531 0.431641 0.708984 0.468750 0.740234 0.470703 0.794922 0.296875 0.791016 0.158203 0.748047 0.119141 0.783203 0.132812 0.814453 0.298828 0.867188 0.357422 0.865234 0.386719 0.835938 0.427734 0.861328 0.580078 0.847656
1 0.523438 0.351562 0.478516 0.314453 0.396484 0.312500 0.322266 0.330078 0.300781 0.320312 0.203125 0.396484 0.169922 0.441406 0.183594 0.453125 0.439453 0.451172 0.498047 0.417969
3 0.152344 0.441406 0.134766 0.482422 0.136719 0.503906 0.121094 0.521484 0.121094 0.578125 0.105469 0.585938 0.103516 0.595703 0.113281 0.613281 0.130859 0.589844 0.140625 0.587891 0.128906 0.583984 0.140625 0.572266 0.136719 0.501953 0.164062 0.470703 0.164062 0.447266
4 0.652344 0.353516 0.636719 0.382812 0.640625 0.484375 0.689453 0.667969 0.703125 0.800781 0.751953 0.783203 0.773438 0.595703 0.710938 0.386719
5 0.480469 0.451172 0.468750 0.478516 0.466797 0.525391 0.472656 0.537109 0.552734 0.541016 0.556641 0.521484 0.515625 0.445312 0.503906 0.441406
10 0.712891 0.392578 0.775391 0.595703 0.755859 0.785156 0.787109 0.787109 0.828125 0.759766 0.847656 0.625000 0.820312 0.591797 0.750000 0.421875
16 0.468750 0.453125 0.189453 0.458984 0.152344 0.484375 0.158203 0.630859 0.123047 0.615234 0.162109 0.746094 0.298828 0.789062 0.416016 0.792969 0.429688 0.767578 0.435547 0.792969 0.466797 0.794922 0.464844 0.736328 0.429688 0.707031 0.464844 0.634766
17 0.177734 0.841797 0.181641 0.894531 0.203125 0.927734 0.253906 0.939453 0.273438 0.931641 0.292969 0.912109 0.296875 0.884766 0.269531 0.884766 0.251953 0.906250 0.244141 0.906250 0.234375 0.894531 0.230469 0.867188 0.214844 0.847656 0.191406 0.835938
17 0.871094 0.705078 0.863281 0.705078 0.851562 0.724609 0.833984 0.832031 0.808594 0.863281 0.814453 0.898438 0.839844 0.912109 0.863281 0.910156 0.878906 0.876953 0.886719 0.734375
17 0.636719 0.693359 0.628906 0.699219 0.636719 0.714844 0.615234 0.740234 0.599609 0.789062 0.587891 0.886719 0.564453 0.929688 0.566406 0.980469 0.578125 0.998047 0.648438 0.998047 0.664062 0.957031 0.675781 0.777344
