0 0.330078 0.558594 0.279297 0.562500 0.246094 0.650391 0.091797 0.666016 0.123047 0.726562 0.123047 0.787109 0.230469 0.822266 0.398438 0.794922 0.417969 0.689453 0.400391 0.681641 0.394531 0.650391 0.333984 0.619141
1 0.306641 0.380859 0.263672 0.373047 0.214844 0.382812 0.134766 0.443359 0.117188 0.478516 0.236328 0.470703 0.275391 0.455078 0.304688 0.433594
4 0.519531 0.382812 0.494141 0.460938 0.515625 0.583984 0.546875 0.585938 0.564453 0.744141 0.587891 0.728516 0.628906 0.751953 0.669922 0.732422 0.677734 0.607422 0.628906 0.439453 0.607422 0.400391
5 0.330078 0.457031 0.304688 0.457031 0.285156 0.472656 0.250000 0.484375 0.242188 0.505859 0.250000 0.517578 0.271484 0.519531 0.263672 0.546875 0.273438 0.572266 0.279297 0.558594 0.324219 0.558594 0.357422 0.542969 0.365234 0.531250 0.359375 0.501953
10 0.613281 0.402344 0.677734 0.589844 0.671875 0.718750 0.736328 0.730469 0.767578 0.714844 0.771484 0.607422 0.750000 0.580078 0.738281 0.507812 0.667969 0.431641
15 0.078125 0.537109 0.076172 0.556641 0.089844 0.589844 0.089844 0.619141 0.101562 0.632812 0.140625 0.642578 0.179688 0.623047 0.171875 0.593750 0.148438 0.576172 0.132812 0.576172 0.119141 0.603516 0.113281 0.595703 0.117188 0.556641 0.095703 0.544922 0.095703 0.529297
15 0.332031 0.142578 0.359375 0.152344 0.353516 0.166016 0.376953 0.183594 0.386719 0.216797 0.373047 0.234375 0.349609 0.228516 0.361328 0.265625 0.386719 0.257812 0.400391 0.222656 0.433594 0.212891 0.466797 0.169922 0.494141 0.208984 0.535156 0.201172 0.548828 0.179688 0.613281 0.171875 0.548828 0.162109 0.496094 0.119141 0.369141 0.121094
16 0.246094 0.484375 0.148438 0.511719 0.123047 0.488281 0.109375 0.519531 0.095703 0.511719 0.097656 0.544922 0.119141 0.556641 0.117188 0.599609 0.132812 0.574219 0.148438 0.574219 0.183594 0.617188 0.150391 0.642578 0.117188 0.642578 0.220703 0.654297 0.255859 0.638672 0.269531 0.521484 0.242188 0.511719
16 0.363281 0.125000 0.283203 0.148438 0.242188 0.197266 0.253906 0.236328 0.302734 0.273438 0.326172 0.271484 0.339844 0.259766 0.353516 0.263672 0.347656 0.228516 0.373047 0.212891 0.375000 0.183594 0.351562 0.166016 0.357422 0.152344 0.330078 0.142578
17 0.474609 0.691406 0.443359 0.710938 0.423828 0.744141 0.414062 0.830078 0.392578 0.880859 0.412109 0.916016 0.457031 0.925781 0.482422 0.917969 0.500000 0.933594 0.521484 0.914062 0.539062 0.867188 0.542969 0.785156 0.519531 0.712891
17 0.822266 0.673828 0.802734 0.681641 0.787109 0.750000 0.767578 0.791016 0.773438 0.828125 0.785156 0.839844 0.816406 0.841797 0.832031 0.828125 0.849609 0.748047 0.847656 0.705078
