4 0.287109 0.244141 0.251953 0.259766 0.222656 0.380859 0.212891 0.384766 0.203125 0.365234 0.179688 0.392578 0.212891 0.556641 0.269531 0.585938 0.273438 0.439453 0.314453 0.253906
6 0.664062 0.693359 0.673828 0.699219 0.767578 0.697266 0.773438 0.689453 0.773438 0.681641 0.755859 0.683594 0.703125 0.673828 0.689453 0.673828 0.683594 0.677734 0.669922 0.675781
6 0.851562 0.501953 0.804688 0.501953 0.818359 0.476562 0.593750 0.484375 0.609375 0.589844 0.460938 0.578125 0.494141 0.724609 0.542969 0.736328 0.583984 0.693359 0.640625 0.695312 0.666016 0.607422 0.681641 0.630859 0.703125 0.609375 0.771484 0.640625 0.863281 0.632812
7 0.386719 0.259766 0.404297 0.289062 0.402344 0.341797 0.417969 0.390625 0.705078 0.392578 0.617188 0.259766
10 0.324219 0.248047 0.275391 0.439453 0.277344 0.587891 0.369141 0.626953 0.386719 0.390625 0.367188 0.257812
11 0.486328 0.480469 0.480469 0.500000 0.490234 0.517578 0.501953 0.517578 0.527344 0.544922 0.564453 0.539062 0.574219 0.548828 0.568359 0.570312 0.548828 0.558594 0.523438 0.558594 0.517578 0.576172 0.597656 0.580078 0.595703 0.564453 0.582031 0.550781 0.589844 0.513672 0.583984 0.490234 0.562500 0.476562 0.531250 0.480469 0.498047 0.472656
12 0.449219 0.398438 0.470703 0.431641 0.523438 0.468750 0.562500 0.464844 0.587891 0.482422 0.656250 0.472656 0.775391 0.482422 0.835938 0.464844 0.814453 0.439453 0.705078 0.394531
17 0.826172 0.664062 0.802734 0.658203 0.773438 0.708984 0.728516 0.726562 0.722656 0.753906 0.742188 0.789062 0.781250 0.794922 0.812500 0.781250 0.833984 0.707031 0.835938 0.671875
17 0.419922 0.574219 0.404297 0.583984 0.392578 0.613281 0.388672 0.746094 0.412109 0.816406 0.453125 0.833984 0.474609 0.828125 0.488281 0.810547 0.496094 0.753906 0.468750 0.685547 0.449219 0.583984
17 0.169922 0.507812 0.156250 0.523438 0.152344 0.544922 0.154297 0.634766 0.169922 0.679688 0.193359 0.687500 0.208984 0.677734 0.218750 0.636719 0.195312 0.576172 0.185547 0.513672
