0 0.476562 0.625000 0.494141 0.753906 0.529297 0.796875 0.664062 0.771484 0.861328 0.777344 0.925781 0.740234 0.935547 0.666016 0.902344 0.617188 0.861328 0.638672 0.640625 0.642578 0.576172 0.582031 0.554688 0.611328
1 0.527344 0.332031 0.585938 0.414062 0.644531 0.443359 0.841797 0.449219 0.876953 0.429688 0.847656 0.365234 0.746094 0.314453 0.583984 0.310547
2 0.421875 0.310547 0.361328 0.314453 0.324219 0.439453 0.296875 0.474609 0.289062 0.625000 0.308594 0.738281 0.367188 0.746094 0.378906 0.728516 0.386719 0.617188 0.439453 0.443359 0.441406 0.330078
3 0.566406 0.441406 0.539062 0.468750 0.531250 0.484375 0.533203 0.503906 0.542969 0.509766 0.611328 0.515625 0.617188 0.509766 0.611328 0.458984 0.603516 0.443359 0.593750 0.437500
8 0.357422 0.314453 0.302734 0.335938 0.265625 0.373047 0.183594 0.511719 0.175781 0.623047 0.201172 0.716797 0.300781 0.730469 0.287109 0.625000 0.294922 0.474609 0.322266 0.439453
15 0.845703 0.560547 0.814453 0.568359 0.796875 0.593750 0.800781 0.603516 0.791016 0.619141 0.792969 0.625000 0.800781 0.628906 0.814453 0.628906 0.824219 0.625000 0.832031 0.617188 0.847656 0.585938
16 0.617188 0.445312 0.611328 0.609375 0.628906 0.634766 0.888672 0.626953 0.908203 0.527344 0.886719 0.445312 0.863281 0.480469 0.835938 0.458984
17 0.843750 0.804688 0.830078 0.796875 0.798828 0.828125 0.771484 0.837891 0.732422 0.830078 0.728516 0.841797 0.744141 0.880859 0.757812 0.892578 0.781250 0.900391 0.810547 0.900391 0.826172 0.892578 0.845703 0.851562 0.849609 0.818359
17 0.419922 0.660156 0.396484 0.708984 0.388672 0.826172 0.423828 0.906250 0.490234 0.921875 0.513672 0.896484 0.517578 0.828125 0.484375 0.771484 0.472656 0.671875 0.455078 0.650391
17 0.136719 0.607422 0.115234 0.632812 0.111328 0.781250 0.123047 0.816406 0.158203 0.830078 0.191406 0.814453 0.197266 0.767578 0.160156 0.621094
