15 0.393750 0.473242 0.372656 0.469727 0.363867 0.452148 0.365625 0.422266 0.376172 0.406250 0.404297 0.402734 0.418359 0.411523 0.421875 0.431055 0.416602 0.453906
14 0.808984 0.439844 0.859961 0.420508 0.877734 0.400977 0.875977 0.378125 0.861719 0.357031 0.837109 0.351758 0.817773 0.358789 0.805469 0.374609 0.805469 0.416992 0.796680 0.420508
8 0.492383 0.307812 0.763281 0.270898 0.770312 0.416992 0.601367 0.431055 0.479883 0.450391 0.430664 0.453906 0.474609 0.344727
13 0.772070 0.422266 0.750977 0.441602 0.731641 0.469727 0.721094 0.511914 0.399023 0.547070 0.346289 0.548828 0.360352 0.513672 0.376172 0.489063 0.428906 0.455664 0.483398 0.452148 0.534570 0.441602 0.722852 0.422266
12 0.341016 0.552344 0.328711 0.601562 0.358594 0.612305 0.379688 0.615820 0.402539 0.598047 0.409570 0.573438 0.425391 0.545312 0.374414 0.548828
10 0.622461 0.531250 0.640039 0.578711 0.654102 0.576953 0.661133 0.587500 0.698242 0.578711 0.731641 0.564648 0.743945 0.552344 0.749219 0.525977 0.743945 0.515430 0.668164 0.520703
9 0.802734 0.254297 0.856445 0.424805 0.874805 0.494141 0.878516 0.636328 0.870898 0.683008 0.831836 0.695508 0.833789 0.638086 0.823047 0.567969 0.811523 0.521289 0.807813 0.465234 0.787695 0.359766 0.785742 0.271875 0.793359 0.261328 0.802734 0.255469
3 0.813672 0.253711 0.850977 0.258789 0.896484 0.399023 0.908398 0.409180 0.928711 0.488672 0.899023 0.674219 0.871875 0.681836 0.879492 0.629492 0.876172 0.496875 0.862305 0.436914 0.805469 0.253711
18 0.318750 0.762891 0.331641 0.786328 0.365625 0.804492 0.424805 0.823438 0.459570 0.843164 0.447461 0.896289 0.434570 0.921875 0.406641 0.933398 0.350586 0.930273 0.332227 0.897656 0.319531 0.837109 0.316406 0.762109
18 0.716406 0.822656 0.756641 0.802344 0.770117 0.668945 0.776172 0.640234 0.790625 0.626563 0.811133 0.637891 0.824805 0.675000 0.836133 0.729492 0.839844 0.775781 0.837695 0.815820 0.830859 0.858398 0.818750 0.885547 0.797461 0.901563 0.770898 0.900781 0.748242 0.882617 0.721680 0.850781 0.714063 0.821289
18 0.881641 0.756836 0.921680 0.735547 0.922461 0.692383 0.930859 0.597656 0.941406 0.599219 0.955078 0.639453 0.963477 0.700000 0.965625 0.791602 0.961914 0.829492 0.947461 0.837891 0.899023 0.837109 0.881641 0.779492 0.880859 0.753711
7 0.323242 0.603711 0.336133 0.610547 0.375586 0.618945 0.392969 0.605273 0.518750 0.603125 0.637695 0.578125 0.655078 0.590234 0.686914 0.587891 0.746680 0.559180 0.770898 0.652344 0.755078 0.780273 0.512695 0.792383 0.407227 0.803711 0.358789 0.796289 0.327734 0.778125 0.320117 0.738672 0.315625 0.671289 0.323242 0.605273
