0 0.000000 0.000000 0.000000 0.998047 0.998047 0.998047 0.998047 0.000000
1 0.595703 0.771484 0.574219 0.716797 0.480469 0.726562 0.476562 0.701172 0.513672 0.705078 0.523438 0.697266 0.513672 0.689453 0.421875 0.691406 0.425781 0.710938 0.392578 0.710938 0.343750 0.740234 0.357422 0.802734 0.462891 0.812500 0.484375 0.828125 0.570312 0.810547
7 0.873047 0.615234 0.703125 0.619141 0.701172 0.714844 0.638672 0.728516 0.607422 0.705078 0.593750 0.757812 0.615234 0.791016 0.562500 0.837891 0.515625 0.849609 0.759766 0.865234 0.859375 0.837891
7 0.119141 0.597656 0.128906 0.832031 0.273438 0.857422 0.435547 0.849609 0.378906 0.830078 0.345703 0.794922 0.333984 0.746094 0.353516 0.716797 0.332031 0.697266 0.257812 0.691406 0.267578 0.662109 0.300781 0.654297 0.281250 0.611328 0.246094 0.630859
8 0.576172 0.421875 0.597656 0.431641 0.679688 0.443359 0.712891 0.441406 0.716797 0.435547 0.693359 0.408203 0.697266 0.396484 0.687500 0.373047 0.666016 0.345703 0.648438 0.343750 0.662109 0.351562 0.662109 0.365234 0.648438 0.373047 0.628906 0.367188 0.623047 0.392578 0.597656 0.402344
9 0.025391 0.353516 0.013672 0.357422 0.013672 0.369141 0.005859 0.378906 0.003906 0.392578 0.007812 0.453125 0.013672 0.460938 0.052734 0.451172 0.058594 0.423828 0.058594 0.396484 0.050781 0.380859 0.050781 0.369141 0.044922 0.361328
12 0.150391 0.496094 0.142578 0.556641 0.154297 0.585938 0.222656 0.617188 0.250000 0.617188 0.259766 0.609375 0.250000 0.570312 0.212891 0.515625 0.185547 0.494141
13 0.597656 0.435547 0.609375 0.441406 0.599609 0.455078 0.613281 0.474609 0.634766 0.482422 0.634766 0.500000 0.683594 0.539062 0.685547 0.562500 0.714844 0.605469 0.728516 0.607422 0.767578 0.542969 0.785156 0.488281 0.816406 0.482422 0.816406 0.464844 0.791016 0.447266 0.765625 0.453125
13 0.207031 0.433594 0.201172 0.466797 0.205078 0.496094 0.236328 0.529297 0.242188 0.521484 0.269531 0.525391 0.289062 0.498047 0.324219 0.505859 0.337891 0.501953 0.330078 0.488281 0.308594 0.478516 0.312500 0.470703 0.322266 0.470703 0.308594 0.431641 0.263672 0.437500
17 0.224609 0.621094 0.296875 0.613281 0.294922 0.677734 0.605469 0.689453 0.667969 0.664062 0.710938 0.613281 0.599609 0.443359 0.316406 0.429688 0.312500 0.478516 0.339844 0.503906 0.248047 0.529297 0.269531 0.605469
