4 0.439453 0.332031 0.332031 0.335938 0.285156 0.367188 0.279297 0.593750 0.304688 0.652344 0.414062 0.658203 0.417969 0.486328
6 0.794922 0.544922 0.781250 0.609375 0.802734 0.691406 0.843750 0.701172 0.855469 0.714844 0.945312 0.699219 0.968750 0.667969 0.984375 0.667969 0.962891 0.648438 0.986328 0.621094 0.982422 0.587891 0.966797 0.576172 0.953125 0.583984 0.931641 0.564453 0.921875 0.582031
7 0.574219 0.345703 0.654297 0.439453 0.687500 0.447266 0.726562 0.447266 0.720703 0.425781 0.650391 0.361328 0.587891 0.343750
10 0.443359 0.333984 0.419922 0.486328 0.416016 0.658203 0.591797 0.681641 0.605469 0.439453 0.531250 0.347656
11 0.785156 0.503906 0.791016 0.529297 0.814453 0.546875 0.841797 0.558594 0.906250 0.568359 0.880859 0.515625 0.791016 0.500000
12 0.837891 0.486328 0.837891 0.492188 0.843750 0.498047 0.892578 0.509766 0.945312 0.511719 0.947266 0.507812 0.937500 0.498047 0.898438 0.482422 0.843750 0.476562
16 0.013672 0.472656 0.003906 0.505859 0.033203 0.478516 0.039062 0.501953 0.046875 0.490234 0.041016 0.580078 0.062500 0.636719 0.103516 0.646484 0.136719 0.562500 0.173828 0.541016 0.216797 0.576172 0.246094 0.669922 0.281250 0.660156 0.251953 0.460938 0.044922 0.455078
17 0.306641 0.683594 0.306641 0.701172 0.322266 0.728516 0.343750 0.740234 0.359375 0.740234 0.380859 0.730469 0.394531 0.712891 0.402344 0.691406 0.396484 0.681641 0.359375 0.675781 0.322266 0.675781
17 0.703125 0.609375 0.669922 0.626953 0.646484 0.666016 0.644531 0.742188 0.662109 0.787109 0.685547 0.814453 0.742188 0.822266 0.763672 0.814453 0.792969 0.775391 0.800781 0.718750 0.765625 0.628906 0.738281 0.613281
17 0.167969 0.587891 0.150391 0.597656 0.132812 0.623047 0.125000 0.679688 0.150391 0.755859 0.166016 0.763672 0.205078 0.759766 0.222656 0.736328 0.234375 0.691406 0.210938 0.607422 0.191406 0.589844
