2 0.613281 0.382812 0.642578 0.546875 0.640625 0.701172 0.671875 0.705078 0.695312 0.679688 0.703125 0.476562 0.673828 0.394531
6 0.117188 0.597656 0.113281 0.707031 0.146484 0.744141 0.246094 0.759766 0.439453 0.714844 0.453125 0.632812 0.437500 0.580078 0.326172 0.613281 0.341797 0.548828 0.166016 0.542969 0.166016 0.591797
7 0.535156 0.394531 0.406250 0.382812 0.347656 0.390625 0.283203 0.451172 0.265625 0.488281 0.501953 0.496094
8 0.603516 0.380859 0.552734 0.396484 0.529297 0.484375 0.548828 0.720703 0.640625 0.705078 0.640625 0.546875
9 0.441406 0.552734 0.437500 0.546875 0.351562 0.552734 0.339844 0.564453 0.324219 0.607422 0.353516 0.611328 0.404297 0.597656 0.437500 0.578125
12 0.152344 0.535156 0.291016 0.548828 0.419922 0.544922 0.490234 0.500000 0.253906 0.488281 0.183594 0.511719
16 0.779297 0.517578 0.714844 0.513672 0.701172 0.664062 0.712891 0.712891 0.759766 0.607422 0.787109 0.619141 0.804688 0.685547 0.828125 0.669922 0.830078 0.560547
17 0.146484 0.753906 0.144531 0.771484 0.152344 0.802734 0.173828 0.832031 0.214844 0.835938 0.226562 0.830078 0.244141 0.785156 0.238281 0.767578 0.193359 0.755859
17 0.494141 0.658203 0.476562 0.660156 0.458984 0.683594 0.431641 0.794922 0.435547 0.837891 0.462891 0.851562 0.488281 0.851562 0.509766 0.839844 0.529297 0.781250 0.519531 0.699219 0.503906 0.664062
17 0.765625 0.650391 0.748047 0.666016 0.714844 0.769531 0.734375 0.808594 0.761719 0.810547 0.777344 0.802734 0.789062 0.744141 0.787109 0.693359 0.773438 0.656250
