0 0.691406 0.796875 0.679688 0.806641 0.679688 0.841797 0.697266 0.884766 0.699219 0.900391 0.708984 0.910156 0.714844 0.910156 0.744141 0.865234 0.748047 0.833984 0.740234 0.818359 0.716797 0.798828
4 0.335938 0.248047 0.314453 0.335938 0.304688 0.337891 0.285156 0.292969 0.263672 0.283203 0.236328 0.359375 0.236328 0.441406 0.263672 0.458984 0.263672 0.488281 0.310547 0.546875 0.324219 0.529297
6 0.945312 0.560547 0.794922 0.607422 0.804688 0.716797 0.716797 0.734375 0.726562 0.773438 0.714844 0.783203 0.757812 0.822266 0.837891 0.810547 0.869141 0.824219 0.949219 0.800781 0.966797 0.769531
7 0.488281 0.207031 0.500000 0.271484 0.574219 0.437500 0.644531 0.445312 0.810547 0.427734 0.728516 0.267578 0.693359 0.230469
8 0.160156 0.396484 0.146484 0.562500 0.158203 0.605469 0.144531 0.625000 0.197266 0.675781 0.158203 0.691406 0.328125 0.777344 0.308594 0.722656 0.322266 0.708984 0.306641 0.701172 0.312500 0.589844 0.292969 0.527344 0.220703 0.414062
10 0.359375 0.201172 0.337891 0.236328 0.320312 0.734375 0.337891 0.781250 0.455078 0.830078 0.507812 0.642578 0.527344 0.419922 0.441406 0.212891
11 0.707031 0.576172 0.693359 0.603516 0.693359 0.636719 0.701172 0.675781 0.705078 0.652344 0.722656 0.673828 0.703125 0.679688 0.705078 0.718750 0.724609 0.718750 0.777344 0.697266 0.783203 0.681641 0.771484 0.652344 0.779297 0.613281 0.763672 0.589844
12 0.945312 0.550781 0.929688 0.494141 0.851562 0.437500 0.595703 0.453125 0.763672 0.568359 0.794922 0.603516
16 0.115234 0.478516 0.085938 0.466797 0.066406 0.476562 0.068359 0.496094 0.046875 0.554688 0.054688 0.568359 0.066406 0.566406 0.087891 0.542969 0.101562 0.550781 0.105469 0.564453 0.119141 0.558594 0.126953 0.537109 0.126953 0.492188
17 0.554688 0.744141 0.531250 0.763672 0.501953 0.824219 0.505859 0.939453 0.541016 0.998047 0.654297 0.998047 0.683594 0.960938 0.687500 0.935547 0.650391 0.796875 0.593750 0.748047
17 0.093750 0.607422 0.080078 0.621094 0.068359 0.666016 0.072266 0.720703 0.091797 0.765625 0.105469 0.773438 0.125000 0.773438 0.144531 0.759766 0.142578 0.732422 0.115234 0.621094 0.103516 0.607422
