6 0.273438 0.503906 0.269531 0.669922 0.304688 0.712891 0.546875 0.751953 0.792969 0.703125 0.785156 0.492188 0.685547 0.523438 0.707031 0.437500 0.380859 0.431641 0.394531 0.517578
7 0.341797 0.320312 0.341797 0.341797 0.722656 0.347656 0.683594 0.226562 0.591797 0.205078 0.388672 0.207031
9 0.771484 0.425781 0.707031 0.441406 0.683594 0.513672 0.685547 0.521484 0.763672 0.507812 0.783203 0.494141 0.781250 0.447266
11 0.298828 0.412109 0.287109 0.455078 0.287109 0.474609 0.292969 0.484375 0.326172 0.501953 0.390625 0.515625 0.373047 0.437500 0.330078 0.427734
12 0.306641 0.400391 0.328125 0.419922 0.478516 0.433594 0.710938 0.435547 0.767578 0.419922 0.736328 0.353516 0.650391 0.343750 0.339844 0.343750 0.314453 0.363281
13 0.744141 0.306641 0.742188 0.312500 0.744141 0.345703 0.748047 0.349609 0.785156 0.347656 0.791016 0.343750 0.796875 0.328125 0.792969 0.316406 0.783203 0.306641 0.765625 0.302734 0.748047 0.302734
14 0.320312 0.287109 0.298828 0.294922 0.291016 0.292969 0.279297 0.296875 0.273438 0.302734 0.267578 0.314453 0.267578 0.328125 0.277344 0.341797 0.292969 0.343750 0.304688 0.353516 0.316406 0.353516 0.320312 0.349609 0.326172 0.294922
16 0.074219 0.683594 0.068359 0.681641 0.066406 0.687500 0.068359 0.710938 0.062500 0.724609 0.054688 0.710938 0.058594 0.685547 0.015625 0.703125 0.011719 0.734375 0.003906 0.734375 0.005859 0.759766 0.015625 0.759766 0.037109 0.746094 0.054688 0.751953 0.074219 0.748047 0.078125 0.718750
17 0.787109 0.722656 0.753906 0.734375 0.720703 0.736328 0.695312 0.751953 0.708984 0.804688 0.726562 0.824219 0.761719 0.826172 0.779297 0.814453 0.791016 0.765625
17 0.279297 0.707031 0.273438 0.730469 0.279297 0.785156 0.287109 0.808594 0.308594 0.818359 0.337891 0.816406 0.349609 0.804688 0.353516 0.791016 0.355469 0.734375 0.341797 0.722656 0.306641 0.720703
