2 0.224609 0.410156 0.207031 0.396484 0.195312 0.396484 0.183594 0.388672 0.177734 0.388672 0.169922 0.400391 0.167969 0.410156 0.169922 0.451172 0.175781 0.451172 0.183594 0.443359 0.189453 0.427734 0.195312 0.421875 0.203125 0.419922 0.214844 0.425781 0.228516 0.419922
2 0.710938 0.333984 0.738281 0.480469 0.736328 0.656250 0.794922 0.654297 0.814453 0.628906 0.843750 0.509766 0.843750 0.457031 0.824219 0.431641 0.818359 0.394531 0.792969 0.369141
6 0.103516 0.585938 0.115234 0.707031 0.267578 0.744141 0.349609 0.744141 0.394531 0.726562 0.431641 0.578125 0.404297 0.566406 0.371094 0.580078 0.363281 0.560547 0.277344 0.587891 0.240234 0.574219 0.238281 0.558594 0.164062 0.542969 0.158203 0.527344 0.148438 0.541016 0.171875 0.576172
7 0.037109 0.394531 0.041016 0.406250 0.048828 0.414062 0.048828 0.419922 0.058594 0.427734 0.058594 0.447266 0.062500 0.455078 0.072266 0.458984 0.080078 0.451172 0.089844 0.412109 0.101562 0.396484 0.093750 0.390625 0.046875 0.390625
7 0.615234 0.345703 0.570312 0.335938 0.472656 0.347656 0.416016 0.375000 0.351562 0.435547 0.443359 0.445312 0.550781 0.435547
8 0.166016 0.382812 0.130859 0.386719 0.101562 0.447266 0.095703 0.490234 0.105469 0.548828 0.113281 0.560547 0.144531 0.537109 0.160156 0.503906 0.160156 0.490234 0.148438 0.480469 0.169922 0.464844 0.166016 0.410156 0.173828 0.386719
8 0.705078 0.332031 0.638672 0.347656 0.574219 0.443359 0.583984 0.687500 0.734375 0.658203 0.736328 0.480469
9 0.410156 0.509766 0.394531 0.505859 0.281250 0.541016 0.238281 0.570312 0.279297 0.585938 0.337891 0.572266 0.390625 0.541016 0.410156 0.519531
12 0.529297 0.443359 0.386719 0.441406 0.191406 0.468750 0.160156 0.537109 0.220703 0.554688 0.259766 0.548828 0.363281 0.503906 0.398438 0.501953 0.476562 0.457031 0.513672 0.458984
17 0.480469 0.580078 0.443359 0.601562 0.417969 0.671875 0.408203 0.771484 0.423828 0.794922 0.449219 0.808594 0.480469 0.806641 0.503906 0.791016 0.527344 0.753906 0.541016 0.699219 0.523438 0.605469
17 0.048828 0.574219 0.041016 0.576172 0.021484 0.599609 0.009766 0.673828 0.011719 0.697266 0.015625 0.687500 0.039062 0.710938 0.050781 0.708984 0.074219 0.677734 0.070312 0.666016 0.082031 0.632812 0.074219 0.591797
17 0.863281 0.560547 0.845703 0.566406 0.826172 0.619141 0.824219 0.673828 0.810547 0.699219 0.814453 0.716797 0.826172 0.728516 0.851562 0.736328 0.875000 0.722656 0.894531 0.654297 0.892578 0.599609 0.878906 0.572266
