4 0.275391 0.345703 0.214844 0.375000 0.160156 0.488281 0.162109 0.613281 0.187500 0.730469 0.232422 0.732422 0.222656 0.488281
6 0.898438 0.632812 0.880859 0.607422 0.841797 0.611328 0.837891 0.542969 0.593750 0.550781 0.615234 0.626953 0.462891 0.623047 0.437500 0.646484 0.466797 0.810547 0.603516 0.818359 0.628906 0.845703 0.765625 0.847656 0.833984 0.824219 0.902344 0.771484
7 0.341797 0.345703 0.382812 0.455078 0.556641 0.449219 0.687500 0.462891 0.642578 0.402344 0.580078 0.355469 0.433594 0.333984
9 0.855469 0.544922 0.845703 0.544922 0.839844 0.556641 0.841797 0.605469 0.847656 0.615234 0.880859 0.605469 0.876953 0.560547 0.869141 0.550781
10 0.302734 0.335938 0.279297 0.345703 0.224609 0.488281 0.240234 0.738281 0.330078 0.757812 0.328125 0.578125 0.345703 0.455078 0.322266 0.349609
11 0.460938 0.539062 0.466797 0.603516 0.474609 0.619141 0.583984 0.626953 0.609375 0.623047 0.580078 0.566406 0.556641 0.544922 0.525391 0.537109
12 0.394531 0.462891 0.427734 0.500000 0.550781 0.527344 0.576172 0.546875 0.835938 0.541016 0.804688 0.503906 0.699219 0.466797 0.556641 0.451172
17 0.863281 0.832031 0.849609 0.826172 0.791016 0.853516 0.775391 0.853516 0.751953 0.863281 0.740234 0.875000 0.740234 0.886719 0.748047 0.898438 0.771484 0.910156 0.826172 0.906250 0.851562 0.882812
17 0.404297 0.666016 0.380859 0.677734 0.361328 0.726562 0.357422 0.869141 0.388672 0.964844 0.416016 0.982422 0.466797 0.986328 0.501953 0.955078 0.507812 0.869141 0.468750 0.830078 0.425781 0.673828
17 0.123047 0.664062 0.111328 0.683594 0.111328 0.812500 0.126953 0.843750 0.150391 0.847656 0.171875 0.833984 0.177734 0.781250 0.148438 0.748047 0.136719 0.677734
