4 0.417969 0.335938 0.310547 0.343750 0.279297 0.375000 0.251953 0.494141 0.255859 0.613281 0.277344 0.664062 0.394531 0.677734 0.396484 0.507812
6 0.773438 0.550781 0.779297 0.679688 0.791016 0.710938 0.894531 0.734375 0.917969 0.699219 0.931641 0.716797 0.976562 0.687500 0.974609 0.669922 0.962891 0.669922 0.984375 0.642578 0.976562 0.607422 0.960938 0.617188 0.937500 0.595703 0.830078 0.580078
7 0.548828 0.347656 0.621094 0.449219 0.695312 0.460938 0.742188 0.458984 0.724609 0.429688 0.658203 0.369141 0.570312 0.343750
10 0.423828 0.333984 0.398438 0.507812 0.396484 0.677734 0.572266 0.703125 0.585938 0.669922 0.578125 0.427734 0.515625 0.349609
11 0.769531 0.517578 0.771484 0.535156 0.828125 0.572266 0.916016 0.591797 0.955078 0.585938 0.955078 0.552734 0.939453 0.531250 0.923828 0.533203 0.931641 0.578125 0.917969 0.583984 0.898438 0.572266 0.884766 0.533203 0.871094 0.525391 0.781250 0.511719
12 0.798828 0.492188 0.810547 0.503906 0.830078 0.511719 0.914062 0.523438 0.949219 0.523438 0.951172 0.519531 0.929688 0.503906 0.906250 0.496094 0.876953 0.494141 0.837891 0.482422 0.808594 0.482422
16 0.236328 0.474609 0.035156 0.476562 0.023438 0.539062 0.029297 0.560547 0.039062 0.548828 0.042969 0.640625 0.093750 0.660156 0.123047 0.574219 0.162109 0.556641 0.234375 0.642578
17 0.304688 0.707031 0.302734 0.712891 0.312500 0.734375 0.320312 0.742188 0.335938 0.748047 0.353516 0.748047 0.363281 0.744141 0.380859 0.724609 0.378906 0.708984 0.359375 0.699219 0.310547 0.703125
17 0.687500 0.626953 0.662109 0.638672 0.636719 0.667969 0.619141 0.736328 0.650391 0.839844 0.675781 0.855469 0.732422 0.855469 0.757812 0.837891 0.777344 0.804688 0.783203 0.738281 0.746094 0.648438
17 0.152344 0.611328 0.123047 0.634766 0.111328 0.705078 0.136719 0.787109 0.173828 0.796875 0.205078 0.777344 0.220703 0.736328 0.220703 0.714844 0.191406 0.628906 0.175781 0.613281
