2 0.650391 0.312500 0.707031 0.492188 0.703125 0.691406 0.722656 0.697266 0.744141 0.662109 0.767578 0.460938 0.759766 0.423828 0.703125 0.332031
6 0.101562 0.630859 0.119141 0.767578 0.261719 0.796875 0.458984 0.769531 0.511719 0.785156 0.541016 0.744141 0.560547 0.625000 0.537109 0.609375 0.394531 0.630859 0.449219 0.552734 0.166016 0.552734 0.175781 0.621094
7 0.587891 0.330078 0.347656 0.333984 0.248047 0.443359 0.240234 0.470703 0.562500 0.466797
8 0.648438 0.312500 0.609375 0.328125 0.597656 0.378906 0.625000 0.564453 0.628906 0.728516 0.703125 0.695312 0.705078 0.492188
9 0.525391 0.533203 0.505859 0.527344 0.437500 0.562500 0.402344 0.597656 0.392578 0.626953 0.482422 0.621094 0.519531 0.611328 0.513672 0.591797 0.527344 0.546875
11 0.132812 0.541016 0.123047 0.556641 0.117188 0.576172 0.115234 0.607422 0.132812 0.619141 0.171875 0.623047 0.173828 0.619141 0.158203 0.572266 0.156250 0.552734 0.144531 0.537109
12 0.148438 0.533203 0.167969 0.550781 0.451172 0.550781 0.513672 0.523438 0.560547 0.472656 0.236328 0.472656
17 0.132812 0.785156 0.130859 0.802734 0.138672 0.837891 0.160156 0.876953 0.203125 0.880859 0.234375 0.859375 0.246094 0.818359 0.232422 0.798828 0.208984 0.796875 0.187500 0.802734 0.152344 0.777344
17 0.570312 0.636719 0.556641 0.656250 0.544922 0.755859 0.511719 0.828125 0.519531 0.888672 0.550781 0.904297 0.593750 0.890625 0.611328 0.826172 0.605469 0.677734 0.595703 0.652344
17 0.773438 0.593750 0.757812 0.619141 0.742188 0.720703 0.716797 0.750000 0.724609 0.798828 0.740234 0.812500 0.775391 0.806641 0.792969 0.763672 0.791016 0.625000
