0 0.271484 0.476562 0.240234 0.632812 0.253906 0.767578 0.589844 0.792969 0.763672 0.763672 0.757812 0.478516 0.716797 0.490234 0.666016 0.587891 0.503906 0.611328 0.384766 0.591797 0.312500 0.488281
0 0.132812 0.447266 0.115234 0.447266 0.087891 0.470703 0.087891 0.498047 0.050781 0.486328 0.039062 0.498047 0.013672 0.505859 0.009766 0.517578 0.033203 0.544922 0.056641 0.554688 0.078125 0.546875 0.107422 0.550781 0.121094 0.544922 0.140625 0.511719
1 0.005859 0.298828 0.005859 0.306641 0.035156 0.310547 0.097656 0.310547 0.089844 0.304688 0.083984 0.285156 0.066406 0.257812 0.056641 0.265625 0.046875 0.255859 0.037109 0.257812 0.035156 0.271484 0.044922 0.296875 0.042969 0.304688 0.027344 0.306641 0.009766 0.294922
1 0.703125 0.349609 0.660156 0.224609 0.531250 0.203125 0.355469 0.222656 0.330078 0.316406 0.335938 0.341797
3 0.324219 0.402344 0.283203 0.402344 0.273438 0.410156 0.269531 0.451172 0.277344 0.470703 0.298828 0.478516 0.328125 0.480469 0.332031 0.476562 0.330078 0.414062
5 0.746094 0.402344 0.728516 0.406250 0.710938 0.427734 0.708984 0.478516 0.718750 0.484375 0.744141 0.480469 0.755859 0.472656 0.759766 0.460938 0.757812 0.423828
15 0.326172 0.400391 0.339844 0.515625 0.394531 0.587891 0.619141 0.597656 0.675781 0.574219 0.699219 0.535156 0.716797 0.402344 0.703125 0.353516 0.414062 0.343750 0.439453 0.373047 0.404297 0.421875 0.359375 0.441406
16 0.419922 0.351562 0.357422 0.347656 0.330078 0.359375 0.326172 0.394531 0.357422 0.421875 0.359375 0.439453 0.365234 0.437500 0.363281 0.431641 0.400391 0.421875 0.414062 0.412109 0.419922 0.390625 0.437500 0.373047
16 0.017578 0.322266 0.001953 0.349609 0.003906 0.472656 0.064453 0.478516 0.082031 0.494141 0.085938 0.468750 0.101562 0.458984 0.087891 0.439453 0.125000 0.429688 0.113281 0.419922 0.130859 0.412109 0.101562 0.384766 0.130859 0.363281 0.085938 0.330078
17 0.769531 0.781250 0.720703 0.783203 0.708984 0.789062 0.699219 0.802734 0.703125 0.882812 0.716797 0.896484 0.750000 0.896484 0.759766 0.892578 0.769531 0.878906 0.775391 0.843750 0.775391 0.794922
17 0.251953 0.781250 0.244141 0.802734 0.244141 0.876953 0.259766 0.890625 0.296875 0.886719 0.310547 0.869141 0.308594 0.806641 0.292969 0.789062
