14 0.451758 0.385937 0.501758 0.376563 0.504297 0.349609 0.492188 0.336133 0.470703 0.330664 0.453125 0.332031 0.445117 0.349609 0.445117 0.371094 0.438281 0.369727
13 0.396680 0.365820 0.379102 0.398047 0.216211 0.426367 0.062500 0.431836 0.053125 0.423633 0.072070 0.404883 0.107031 0.391406 0.189258 0.376563 0.225586 0.371094 0.278125 0.368555 0.375000 0.369727
8 0.287500 0.276953 0.377734 0.264844 0.451758 0.263477 0.412695 0.356250 0.398047 0.365820 0.352148 0.368555 0.303711 0.365820 0.193164 0.372461 0.222852 0.334766 0.276758 0.284961
10 0.306445 0.453320 0.283398 0.462695 0.224219 0.472266 0.189258 0.468164 0.208008 0.441211 0.241797 0.426367 0.346875 0.410156 0.318555 0.438477
7 0.308984 0.456055 0.323828 0.481641 0.352148 0.513867 0.321094 0.621680 0.310352 0.644531 0.221484 0.645898 0.097656 0.641992 0.063867 0.639258 0.041016 0.625781 0.028906 0.598828 0.030273 0.562500 0.022070 0.496484 0.046484 0.435742 0.248438 0.422266 0.291602 0.411523 0.342773 0.404883 0.348047 0.410156 0.247070 0.425000 0.212109 0.437109 0.185156 0.468164 0.216211 0.472266 0.247070 0.465430 0.275391 0.465430
9 0.443750 0.450586 0.447852 0.491016 0.447852 0.608203 0.497656 0.609570 0.547461 0.600195 0.560937 0.578516 0.558203 0.415625 0.547461 0.387305 0.525977 0.259375 0.490820 0.256641 0.467969 0.268750 0.447852 0.303906 0.433008 0.346875 0.430273 0.383203 0.434375 0.421094
3 0.618945 0.317188 0.658008 0.398047 0.664648 0.419727 0.667383 0.457422 0.634961 0.536914 0.621484 0.594727 0.562305 0.594727 0.558203 0.415625 0.548828 0.391406 0.536719 0.309180 0.528711 0.284961 0.527344 0.259375 0.589258 0.270117 0.606836 0.292969
4 0.726562 0.399414 0.694336 0.395313 0.699609 0.410156 0.721289 0.438477
18 0.352148 0.527344 0.387109 0.534180 0.404687 0.550391 0.420898 0.583984 0.427539 0.631055 0.423633 0.705273 0.408789 0.745703 0.388477 0.763086 0.369727 0.765820 0.325195 0.764453 0.307812 0.690430 0.319922 0.667578 0.340039 0.562500
18 0.656445 0.522070 0.670703 0.523438 0.682031 0.537500 0.693359 0.562305 0.697461 0.588867 0.697461 0.612695 0.691992 0.648242 0.678516 0.668164 0.657813 0.678906 0.635156 0.671680 0.627148 0.639844 0.633398 0.594141 0.645117 0.544727 0.655078 0.522070
