8 0.378711 0.397461 0.420117 0.388281 0.529102 0.381445 0.567187 0.394141 0.652148 0.451562 0.691211 0.483594 0.725586 0.499805 0.714063 0.506641 0.594727 0.538867 0.532617 0.548047 0.511914 0.540039 0.487891 0.519336 0.402734 0.415820
13 0.530273 0.549219 0.537305 0.565234 0.596875 0.597461 0.645312 0.618164 0.663672 0.619336 0.699219 0.631836 0.718750 0.626172 0.737109 0.626172 0.762500 0.618164 0.848633 0.582422 0.856641 0.574414 0.856641 0.561719 0.831250 0.543359 0.775000 0.514648 0.729102 0.497461 0.710742 0.506641 0.611914 0.535352 0.583203 0.542188 0.560156 0.543359
12 0.618750 0.618164 0.582031 0.626172 0.579688 0.638867 0.629102 0.700781 0.663672 0.707812 0.746289 0.708789 0.747461 0.699609 0.738281 0.675586 0.719922 0.652539 0.700391 0.634180 0.648633 0.615820
7 0.627930 0.701953 0.568164 0.720313 0.591211 0.751367 0.610742 0.791602 0.619922 0.825000 0.626758 0.854688 0.623437 0.864062 0.623437 0.894922 0.630273 0.903125 0.624609 0.935156 0.666992 0.943164 0.708398 0.946680 0.749805 0.944336 0.793359 0.933984 0.856641 0.905273 0.876172 0.872070 0.901367 0.849023 0.915234 0.821484 0.922070 0.792773 0.920898 0.766406 0.925586 0.703125 0.922070 0.673242 0.893359 0.613477 0.888867 0.597461 0.860156 0.561719 0.857812 0.574414 0.837109 0.588281 0.739453 0.628516 0.717578 0.623828 0.695703 0.633008 0.717578 0.648047 0.741797 0.682422 0.747461 0.697461 0.747461 0.709961 0.654492 0.709961
15 0.397070 0.506641 0.379883 0.507812 0.363672 0.513477 0.353320 0.527344 0.353320 0.556055 0.366016 0.561719 0.393555 0.562891 0.421094 0.559570 0.425781 0.530859 0.414258 0.514648
18 0.523438 0.722656 0.557813 0.736523 0.577344 0.758203 0.593555 0.790430 0.602734 0.821484 0.606250 0.857031 0.605078 0.907617 0.600391 0.937500 0.592383 0.961719 0.575195 0.973047 0.540625 0.966211 0.518750 0.955859 0.498242 0.930664 0.479687 0.892773 0.467187 0.859375 0.462500 0.806445 0.469531 0.773242 0.485547 0.739844
11 0.283398 0.383789 0.317773 0.387109 0.348828 0.397461 0.379883 0.416992 0.403906 0.435352 0.446484 0.496289 0.432617 0.681250 0.432617 0.759375 0.430469 0.784766 0.424609 0.806445 0.246484 0.744531 0.245312 0.712305 0.236133 0.674414 0.233984 0.585938 0.250000 0.510156 0.254688 0.469922 0.268359 0.398633
5 0.238477 0.387109 0.194922 0.398633 0.177539 0.408984 0.123633 0.491797 0.116797 0.515820 0.114453 0.548047 0.124805 0.612305 0.137500 0.636523 0.157031 0.700781 0.166211 0.716992 0.213281 0.735352 0.244336 0.743359 0.245312 0.709961 0.236133 0.676758 0.235156 0.577930 0.267188 0.402148 0.278711 0.385937
6 0.060352 0.505469 0.069531 0.508984 0.058203 0.522656 0.054688 0.565234 0.046680 0.562891 0.044336 0.535352 0.050000 0.516992
1 0.083984 0.608594 0.078320 0.618750 0.073828 0.692578 0.056250 0.673633 0.049805 0.645898 0.047266 0.584570 0.049805 0.566211 0.062500 0.584570 0.085156 0.608008
