4 0.246094 0.291016 0.187500 0.320312 0.140625 0.414062 0.146484 0.609375 0.166016 0.683594 0.191406 0.695312 0.193359 0.515625
6 0.890625 0.626953 0.873047 0.601562 0.814453 0.615234 0.822266 0.529297 0.539062 0.548828 0.593750 0.642578 0.388672 0.626953 0.414062 0.796875 0.445312 0.816406 0.560547 0.814453 0.619141 0.779297 0.775391 0.820312 0.878906 0.753906
7 0.312500 0.300781 0.333984 0.406250 0.357422 0.447266 0.695312 0.441406 0.564453 0.304688 0.437500 0.292969
9 0.843750 0.523438 0.837891 0.525391 0.832031 0.558594 0.816406 0.593750 0.816406 0.615234 0.820312 0.619141 0.839844 0.615234 0.871094 0.601562 0.867188 0.556641 0.857422 0.535156
10 0.281250 0.287109 0.246094 0.296875 0.193359 0.533203 0.201172 0.701172 0.251953 0.724609 0.273438 0.714844 0.277344 0.595703 0.308594 0.388672 0.298828 0.306641
11 0.412109 0.525391 0.412109 0.544922 0.447266 0.626953 0.480469 0.634766 0.587891 0.636719 0.570312 0.601562 0.533203 0.560547 0.449219 0.525391
12 0.835938 0.525391 0.826172 0.500000 0.699219 0.443359 0.361328 0.453125 0.458984 0.523438 0.527344 0.546875
17 0.832031 0.816406 0.742188 0.841797 0.714844 0.855469 0.712891 0.863281 0.736328 0.878906 0.777344 0.876953 0.812500 0.855469
17 0.353516 0.648438 0.322266 0.662109 0.298828 0.699219 0.283203 0.765625 0.287109 0.863281 0.330078 0.947266 0.355469 0.960938 0.414062 0.962891 0.460938 0.921875 0.478516 0.859375 0.412109 0.808594 0.402344 0.730469 0.375000 0.658203
17 0.125000 0.593750 0.111328 0.615234 0.113281 0.759766 0.123047 0.791016 0.138672 0.802734 0.156250 0.802734 0.177734 0.787109 0.183594 0.742188 0.160156 0.724609 0.140625 0.611328 0.132812 0.593750
