2 0.738281 0.267578 0.785156 0.484375 0.777344 0.664062 0.812500 0.664062 0.837891 0.578125 0.845703 0.412109 0.796875 0.298828
6 0.208984 0.496094 0.193359 0.589844 0.154297 0.632812 0.154297 0.662109 0.189453 0.646484 0.167969 0.669922 0.183594 0.732422 0.498047 0.765625 0.556641 0.751953 0.582031 0.544922 0.539062 0.554688 0.546875 0.523438 0.503906 0.558594 0.400391 0.560547 0.447266 0.513672
7 0.332031 0.394531 0.628906 0.400391 0.669922 0.283203 0.646484 0.269531 0.449219 0.269531 0.398438 0.304688
8 0.732422 0.265625 0.689453 0.285156 0.660156 0.406250 0.679688 0.699219 0.777344 0.660156 0.783203 0.484375
9 0.562500 0.486328 0.550781 0.478516 0.484375 0.500000 0.429688 0.529297 0.402344 0.558594 0.433594 0.568359 0.460938 0.568359 0.503906 0.556641 0.544922 0.525391
11 0.193359 0.476562 0.173828 0.480469 0.164062 0.488281 0.162109 0.542969 0.169922 0.541016 0.181641 0.548828 0.177734 0.562500 0.179688 0.574219 0.183594 0.572266 0.181641 0.568359 0.191406 0.542969
12 0.205078 0.478516 0.208984 0.490234 0.341797 0.490234 0.455078 0.511719 0.552734 0.474609 0.621094 0.406250 0.316406 0.398438 0.220703 0.447266
17 0.191406 0.748047 0.193359 0.767578 0.205078 0.789062 0.220703 0.802734 0.242188 0.810547 0.269531 0.804688 0.281250 0.791016 0.292969 0.763672 0.292969 0.753906 0.279297 0.746094 0.230469 0.742188
17 0.617188 0.568359 0.591797 0.582031 0.572266 0.744141 0.542969 0.787109 0.548828 0.828125 0.566406 0.837891 0.617188 0.832031 0.640625 0.773438 0.648438 0.656250 0.636719 0.599609
17 0.867188 0.544922 0.849609 0.558594 0.835938 0.687500 0.808594 0.712891 0.822266 0.755859 0.853516 0.763672 0.873047 0.748047 0.886719 0.687500 0.882812 0.574219
