4 0.285156 0.302734 0.251953 0.310547 0.205078 0.453125 0.208984 0.611328 0.220703 0.654297 0.275391 0.660156 0.257812 0.460938 0.283203 0.433594 0.312500 0.312500
6 0.841797 0.593750 0.779297 0.589844 0.785156 0.529297 0.591797 0.572266 0.564453 0.556641 0.582031 0.587891 0.638672 0.595703 0.654297 0.560547 0.671875 0.607422 0.691406 0.560547 0.716797 0.599609 0.466797 0.603516 0.468750 0.734375 0.558594 0.781250 0.773438 0.751953 0.841797 0.708984
7 0.375000 0.332031 0.402344 0.437500 0.417969 0.451172 0.701172 0.439453 0.644531 0.347656 0.601562 0.312500 0.451172 0.312500
9 0.812500 0.517578 0.798828 0.519531 0.785156 0.537109 0.779297 0.585938 0.783203 0.589844 0.822266 0.582031 0.832031 0.576172 0.824219 0.527344
10 0.316406 0.308594 0.285156 0.433594 0.259766 0.460938 0.277344 0.662109 0.365234 0.689453 0.380859 0.455078 0.357422 0.326172
11 0.466797 0.539062 0.470703 0.589844 0.476562 0.597656 0.521484 0.605469 0.568359 0.601562 0.556641 0.562500 0.541016 0.544922 0.517578 0.537109 0.480469 0.533203
12 0.791016 0.523438 0.750000 0.470703 0.705078 0.441406 0.414062 0.457031 0.447266 0.503906 0.587891 0.568359 0.621094 0.564453 0.619141 0.548828
16 0.152344 0.457031 0.136719 0.458984 0.130859 0.480469 0.089844 0.507812 0.087891 0.535156 0.095703 0.560547 0.093750 0.576172 0.099609 0.583984 0.115234 0.578125 0.119141 0.544922 0.134766 0.527344 0.146484 0.525391 0.158203 0.476562
17 0.818359 0.732422 0.800781 0.732422 0.775391 0.757812 0.750000 0.761719 0.722656 0.775391 0.720703 0.787109 0.742188 0.826172 0.779297 0.830078 0.791016 0.828125 0.806641 0.816406 0.822266 0.765625 0.824219 0.742188
17 0.416016 0.623047 0.400391 0.630859 0.388672 0.662109 0.400391 0.814453 0.416016 0.849609 0.466797 0.855469 0.490234 0.835938 0.496094 0.781250 0.460938 0.730469 0.458984 0.689453 0.441406 0.632812
17 0.146484 0.589844 0.130859 0.613281 0.126953 0.648438 0.136719 0.736328 0.154297 0.771484 0.177734 0.775391 0.203125 0.761719 0.208984 0.710938 0.177734 0.671875 0.160156 0.599609
