1 0.472656 0.589844 0.496094 0.601562 0.611328 0.589844 0.646484 0.562500 0.652344 0.525391 0.646484 0.517578 0.535156 0.505859 0.523438 0.515625 0.484375 0.507812 0.474609 0.537109 0.478516 0.582031
2 0.359375 0.625000 0.349609 0.673828 0.353516 0.789062 0.359375 0.796875 0.369141 0.794922 0.390625 0.773438 0.396484 0.779297 0.390625 0.787109 0.406250 0.796875 0.412109 0.785156 0.398438 0.763672 0.378906 0.751953 0.382812 0.728516 0.375000 0.716797 0.380859 0.666016 0.398438 0.640625 0.384766 0.628906
3 0.626953 0.621094 0.621094 0.642578 0.623047 0.701172 0.630859 0.712891 0.644531 0.716797 0.650391 0.712891 0.652344 0.632812 0.648438 0.621094
7 0.441406 0.152344 0.429688 0.150391 0.423828 0.162109 0.408203 0.146484 0.392578 0.160156 0.380859 0.156250 0.367188 0.160156 0.353516 0.175781 0.349609 0.207031 0.361328 0.224609 0.376953 0.224609 0.406250 0.208984 0.421875 0.210938 0.429688 0.207031 0.433594 0.181641 0.443359 0.169922
7 0.667969 0.003906 0.404297 0.003906 0.392578 0.037109 0.384766 0.017578 0.355469 0.025391 0.380859 0.031250 0.371094 0.072266 0.462891 0.140625 0.455078 0.210938 0.507812 0.236328 0.576172 0.173828 0.552734 0.146484 0.531250 0.156250 0.531250 0.097656 0.552734 0.132812 0.564453 0.091797 0.572266 0.123047 0.589844 0.083984 0.640625 0.066406 0.644531 0.017578
8 0.402344 0.501953 0.363281 0.503906 0.333984 0.523438 0.259766 0.634766 0.248047 0.718750 0.257812 0.800781 0.357422 0.798828 0.347656 0.763672 0.351562 0.644531 0.375000 0.613281 0.384766 0.533203
10 0.087891 0.642578 0.076172 0.654297 0.066406 0.673828 0.066406 0.710938 0.083984 0.730469 0.111328 0.728516 0.119141 0.714844 0.115234 0.673828 0.109375 0.658203 0.093750 0.642578
16 0.392578 0.695312 0.398438 0.751953 0.468750 0.816406 0.521484 0.707031 0.585938 0.822266 0.675781 0.826172 0.730469 0.777344 0.869141 0.765625 0.898438 0.716797 0.898438 0.613281 0.414062 0.623047
17 0.832031 0.849609 0.783203 0.849609 0.734375 0.873047 0.736328 0.910156 0.748047 0.939453 0.759766 0.951172 0.792969 0.953125 0.820312 0.933594 0.832031 0.894531
17 0.525391 0.761719 0.505859 0.775391 0.488281 0.851562 0.490234 0.878906 0.501953 0.919922 0.513672 0.935547 0.558594 0.941406 0.583984 0.916016 0.583984 0.878906 0.570312 0.853516 0.558594 0.800781 0.541016 0.771484
17 0.195312 0.740234 0.181641 0.761719 0.181641 0.789062 0.193359 0.832031 0.197266 0.898438 0.218750 0.906250 0.234375 0.894531 0.236328 0.837891 0.222656 0.763672 0.212891 0.748047
