0 0.162109 0.527344 0.201172 0.550781 0.218750 0.757812 0.765625 0.761719 0.787109 0.724609 0.761719 0.476562 0.708984 0.482422 0.662109 0.570312 0.591797 0.591797 0.371094 0.587891 0.244141 0.476562
0 0.005859 0.492188 0.003906 0.521484 0.007812 0.541016 0.011719 0.542969 0.025391 0.537109 0.037109 0.542969 0.052734 0.542969 0.066406 0.548828 0.074219 0.546875 0.074219 0.537109 0.068359 0.527344 0.072266 0.500000 0.023438 0.476562
1 0.175781 0.318359 0.150391 0.316406 0.126953 0.302734 0.042969 0.306641 0.035156 0.318359 0.029297 0.357422 0.050781 0.363281 0.115234 0.361328 0.169922 0.332031
1 0.294922 0.335938 0.314453 0.361328 0.699219 0.355469 0.671875 0.242188 0.503906 0.228516 0.496094 0.208984 0.330078 0.244141
3 0.240234 0.404297 0.228516 0.425781 0.232422 0.466797 0.259766 0.476562 0.289062 0.476562 0.292969 0.470703 0.287109 0.408203 0.281250 0.402344
5 0.746094 0.408203 0.738281 0.406250 0.712891 0.417969 0.705078 0.445312 0.707031 0.462891 0.703125 0.472656 0.716797 0.480469 0.742188 0.480469 0.757812 0.472656 0.763672 0.445312 0.757812 0.421875
15 0.720703 0.404297 0.697266 0.363281 0.308594 0.367188 0.449219 0.369141 0.419922 0.431641 0.283203 0.396484 0.332031 0.560547 0.484375 0.587891 0.654297 0.568359
16 0.007812 0.380859 0.003906 0.390625 0.021484 0.414062 0.001953 0.435547 0.003906 0.490234 0.025391 0.474609 0.074219 0.498047 0.117188 0.496094 0.146484 0.462891 0.156250 0.421875 0.171875 0.412109 0.166016 0.390625 0.134766 0.376953 0.042969 0.371094
16 0.449219 0.371094 0.376953 0.369141 0.292969 0.382812 0.292969 0.390625 0.308594 0.398438 0.322266 0.416016 0.333984 0.414062 0.357422 0.423828 0.408203 0.423828 0.419922 0.429688 0.431641 0.417969 0.433594 0.392578
17 0.224609 0.769531 0.207031 0.789062 0.207031 0.871094 0.218750 0.888672 0.251953 0.894531 0.269531 0.904297 0.285156 0.888672 0.302734 0.855469 0.308594 0.820312 0.287109 0.806641 0.265625 0.773438
17 0.726562 0.769531 0.714844 0.785156 0.714844 0.820312 0.708984 0.837891 0.712891 0.882812 0.728516 0.896484 0.769531 0.898438 0.779297 0.892578 0.787109 0.871094 0.787109 0.785156 0.779297 0.775391
