0 0.437500 0.556641 0.414062 0.599609 0.433594 0.619141 0.416016 0.619141 0.408203 0.671875 0.386719 0.681641 0.425781 0.722656 0.455078 0.705078 0.462891 0.720703 0.478516 0.697266 0.513672 0.707031 0.574219 0.689453 0.605469 0.572266 0.574219 0.658203 0.542969 0.675781 0.544922 0.603516 0.519531 0.595703 0.486328 0.628906 0.458984 0.628906
0 0.357422 0.429688 0.302734 0.423828 0.275391 0.441406 0.257812 0.439453 0.234375 0.460938 0.214844 0.462891 0.210938 0.478516 0.238281 0.492188 0.242188 0.517578 0.261719 0.533203 0.263672 0.550781 0.273438 0.550781 0.302734 0.525391 0.298828 0.513672 0.322266 0.507812 0.351562 0.470703
1 0.628906 0.228516 0.615234 0.216797 0.410156 0.226562 0.408203 0.306641 0.427734 0.294922 0.435547 0.271484 0.458984 0.300781 0.458984 0.316406 0.488281 0.328125 0.511719 0.318359 0.548828 0.322266 0.574219 0.300781 0.632812 0.287109
2 0.787109 0.320312 0.775391 0.335938 0.804688 0.353516 0.796875 0.382812 0.826172 0.486328 0.835938 0.488281 0.847656 0.464844 0.851562 0.435547 0.845703 0.375000 0.839844 0.359375 0.826172 0.349609 0.828125 0.332031 0.816406 0.318359 0.800781 0.328125
3 0.076172 0.595703 0.078125 0.603516 0.126953 0.621094 0.138672 0.650391 0.171875 0.679688 0.203125 0.689453 0.195312 0.677734 0.199219 0.636719 0.154297 0.603516 0.132812 0.595703 0.148438 0.585938 0.146484 0.572266 0.130859 0.587891
4 0.667969 0.226562 0.675781 0.378906 0.697266 0.550781 0.714844 0.558594 0.761719 0.529297 0.767578 0.414062 0.750000 0.302734 0.691406 0.253906 0.697266 0.222656
5 0.453125 0.484375 0.449219 0.490234 0.449219 0.562500 0.455078 0.589844 0.449219 0.617188 0.458984 0.626953 0.476562 0.628906 0.484375 0.626953 0.492188 0.613281 0.494141 0.525391 0.480469 0.500000 0.466797 0.486328
10 0.771484 0.236328 0.791016 0.298828 0.755859 0.300781 0.761719 0.357422 0.773438 0.367188 0.763672 0.527344 0.820312 0.490234 0.791016 0.402344 0.792969 0.373047 0.771484 0.363281 0.779297 0.349609 0.771484 0.322266 0.789062 0.300781 0.806641 0.306641
16 0.017578 0.732422 0.019531 0.796875 0.054688 0.787109 0.134766 0.830078 0.173828 0.818359 0.177734 0.794922 0.164062 0.755859 0.087891 0.710938 0.066406 0.710938
16 0.201172 0.525391 0.208984 0.552734 0.185547 0.580078 0.210938 0.613281 0.193359 0.623047 0.222656 0.654297 0.337891 0.669922 0.351562 0.664062 0.353516 0.644531 0.375000 0.642578 0.380859 0.625000 0.400391 0.619141 0.392578 0.609375 0.324219 0.593750 0.302734 0.570312 0.220703 0.552734 0.216797 0.535156
16 0.251953 0.429688 0.230469 0.429688 0.181641 0.439453 0.173828 0.451172 0.177734 0.460938 0.177734 0.486328 0.193359 0.500000 0.205078 0.498047 0.207031 0.494141 0.199219 0.476562 0.201172 0.464844 0.208984 0.457031 0.238281 0.455078 0.253906 0.437500
16 0.396484 0.333984 0.382812 0.363281 0.412109 0.373047 0.363281 0.417969 0.402344 0.425781 0.373047 0.451172 0.408203 0.488281 0.353516 0.589844 0.429688 0.580078 0.410156 0.486328 0.443359 0.449219 0.498047 0.541016 0.537109 0.505859 0.554688 0.671875 0.660156 0.431641 0.636719 0.402344 0.492188 0.443359 0.500000 0.410156 0.587891 0.396484 0.476562 0.371094 0.542969 0.351562
16 0.857422 0.324219 0.847656 0.339844 0.847656 0.359375 0.853516 0.367188 0.855469 0.392578 0.861328 0.404297 0.878906 0.380859 0.886719 0.388672 0.892578 0.357422 0.898438 0.365234 0.898438 0.392578 0.902344 0.398438 0.908203 0.396484 0.910156 0.357422 0.900391 0.339844 0.884766 0.330078
17 0.636719 0.558594 0.619141 0.566406 0.591797 0.691406 0.560547 0.769531 0.572266 0.796875 0.601562 0.810547 0.630859 0.808594 0.650391 0.794922 0.681641 0.695312 0.667969 0.587891
17 0.878906 0.417969 0.865234 0.425781 0.857422 0.486328 0.837891 0.562500 0.837891 0.576172 0.849609 0.589844 0.871094 0.585938 0.886719 0.556641 0.892578 0.445312
