15 0.240234 0.278125 0.194531 0.271484 0.167578 0.262109 0.154102 0.241797 0.158203 0.212305 0.182422 0.196094 0.220117 0.186719 0.238867 0.200000 0.236328 0.221680 0.237695 0.250000 0.249805 0.250000 0.255078 0.267383
13 0.322461 0.260742 0.307617 0.286328 0.306250 0.313281 0.325195 0.348242 0.353516 0.375195 0.368359 0.396680 0.373633 0.427734 0.404687 0.446680 0.520508 0.472266 0.579688 0.478906 0.696875 0.484375 0.762891 0.470898 0.798047 0.454688 0.826172 0.437109 0.842383 0.415625 0.831641 0.383203 0.807422 0.338867 0.779102 0.307812 0.708984 0.245898 0.698242 0.256641 0.559570 0.256641 0.509766 0.259375 0.383008 0.274219 0.360156 0.272852
12 0.370898 0.427734 0.348047 0.408789 0.331836 0.402148 0.307617 0.408789 0.302344 0.422266 0.322461 0.503125 0.338672 0.535547 0.361523 0.554297 0.401953 0.577344 0.521875 0.608203 0.560937 0.604102 0.560937 0.594727 0.512305 0.531445 0.494922 0.503125 0.465234 0.483008 0.404687 0.449219
10 0.849219 0.426367 0.838281 0.539453 0.854492 0.540820 0.880078 0.484375 0.878711 0.446680 0.855859 0.382031
7 0.316992 0.511328 0.290234 0.539453 0.274023 0.567773 0.304883 0.761719 0.304883 0.825000 0.310352 0.851953 0.337305 0.895117 0.370898 0.927539 0.407422 0.947656 0.459766 0.955664 0.517773 0.959766 0.563672 0.958398 0.621484 0.949023 0.690234 0.928906 0.807422 0.877539 0.865234 0.839844 0.880078 0.811719 0.901758 0.749609 0.893555 0.716016 0.890820 0.675586 0.899023 0.574609 0.893555 0.512500 0.880078 0.488281 0.870703 0.508594 0.862695 0.539453 0.837109 0.539453 0.850391 0.429102 0.845117 0.416992 0.830273 0.437109 0.776367 0.468164 0.741406 0.478906 0.702344 0.483008 0.616016 0.483008 0.558203 0.477539 0.447656 0.458789 0.403320 0.446680 0.447656 0.477539 0.474609 0.486914 0.496289 0.507227 0.517773 0.532813 0.564844 0.604102 0.546094 0.608203 0.508398 0.605469 0.412695 0.581250 0.370898 0.558398 0.338672 0.531445
8 0.271289 0.054688 0.313086 0.047852 0.384375 0.047852 0.451758 0.050586 0.544727 0.062695 0.568945 0.074805 0.594531 0.103125 0.678125 0.221680 0.706445 0.247266 0.699609 0.253906 0.668555 0.255273 0.586523 0.251367 0.379102 0.270117 0.321094 0.259375 0.296875 0.250000 0.287500 0.231055 0.280664 0.197461 0.274023 0.073438
5 0.172656 0.494922 0.147266 0.433008 0.145508 0.388477 0.135547 0.307617 0.150000 0.219531 0.188281 0.093164 0.207227 0.055859 0.225391 0.041211 0.172656 0.278516 0.166406 0.337695 0.173633 0.494922
11 0.174609 0.498633 0.169141 0.309375 0.229102 0.040430 0.243750 0.041211 0.258203 0.057617 0.259961 0.134961 0.238281 0.284961 0.236328 0.333008 0.224609 0.436719 0.232813 0.643945 0.173633 0.498633
18 0.348242 0.910937 0.291406 0.924805 0.273828 0.908398 0.262500 0.874414 0.252344 0.810547 0.247266 0.727344 0.248438 0.638867 0.253516 0.573242 0.263672 0.555469 0.273047 0.568750 0.300977 0.751172 0.302148 0.835156 0.314258 0.869922 0.348242 0.909766
18 0.185938 0.556836 0.168359 0.558789 0.150000 0.545508 0.143164 0.532813 0.133594 0.460938 0.136133 0.401562 0.141211 0.367383 0.147461 0.460156 0.187891 0.556836
