2 0.666016 0.322266 0.650391 0.330078 0.679688 0.509766 0.679688 0.671875 0.699219 0.683594 0.734375 0.666016 0.726562 0.447266 0.714844 0.396484 0.693359 0.388672 0.683594 0.359375 0.703125 0.341797
6 0.253906 0.511719 0.250000 0.546875 0.222656 0.562500 0.210938 0.675781 0.228516 0.720703 0.351562 0.757812 0.458984 0.755859 0.500000 0.705078 0.521484 0.611328 0.500000 0.548828 0.464844 0.576172 0.402344 0.585938 0.423828 0.519531
7 0.587891 0.339844 0.552734 0.330078 0.416016 0.332031 0.394531 0.351562 0.337891 0.449219 0.556641 0.457031
8 0.648438 0.326172 0.601562 0.341797 0.582031 0.433594 0.601562 0.699219 0.681641 0.681641 0.677734 0.509766
9 0.500000 0.513672 0.488281 0.511719 0.427734 0.523438 0.412109 0.542969 0.400391 0.582031 0.412109 0.583984 0.457031 0.576172 0.486328 0.562500 0.501953 0.541016
12 0.248047 0.507812 0.496094 0.509766 0.542969 0.460938 0.333984 0.453125 0.269531 0.480469
16 0.742188 0.466797 0.734375 0.505859 0.744141 0.677734 0.789062 0.568359 0.808594 0.578125 0.837891 0.666016 0.853516 0.648438 0.857422 0.478516 0.843750 0.468750
17 0.232422 0.734375 0.236328 0.773438 0.257812 0.814453 0.298828 0.828125 0.316406 0.828125 0.328125 0.820312 0.345703 0.781250 0.339844 0.757812 0.279297 0.755859 0.246094 0.732422
17 0.539062 0.621094 0.525391 0.628906 0.503906 0.687500 0.503906 0.716797 0.480469 0.736328 0.466797 0.775391 0.478516 0.824219 0.513672 0.835938 0.558594 0.824219 0.587891 0.753906 0.562500 0.640625
17 0.785156 0.615234 0.769531 0.654297 0.763672 0.693359 0.742188 0.728516 0.750000 0.781250 0.757812 0.792969 0.779297 0.802734 0.804688 0.787109 0.816406 0.724609 0.812500 0.662109 0.798828 0.625000
