14 0.604102 0.372461 0.675391 0.355078 0.674023 0.330664 0.663281 0.313281 0.636328 0.299805 0.616211 0.298438 0.609375 0.318555 0.609375 0.346875 0.600000 0.349609
15 0.266016 0.346875 0.259180 0.336133 0.267383 0.313281 0.296875 0.299805 0.292969 0.313281
8 0.412695 0.200000 0.458594 0.193359 0.621484 0.196094 0.593359 0.250000 0.563672 0.322656 0.547461 0.348242 0.488281 0.353711 0.445117 0.349609 0.274023 0.349609 0.294336 0.310547 0.322461 0.272852 0.365625 0.231055
13 0.521875 0.350977 0.527344 0.369727 0.519141 0.392773 0.496289 0.411523 0.445117 0.433203 0.327930 0.472266 0.249805 0.485742 0.173047 0.481641 0.152734 0.464062 0.139258 0.435742 0.155469 0.402148 0.221484 0.358984 0.255273 0.341602 0.279492 0.346875 0.323828 0.349609 0.445117 0.349609 0.482812 0.355078
10 0.494922 0.415625 0.485547 0.443945 0.451758 0.473438 0.420898 0.495117 0.401953 0.516602 0.362891 0.524805 0.321094 0.528711 0.282031 0.507227 0.300977 0.495117 0.340039 0.488281 0.360156 0.465430 0.437109 0.437109
12 0.107031 0.489648 0.124609 0.512500 0.147461 0.493750 0.132617 0.449219 0.141992 0.419727 0.120508 0.443945
7 0.454492 0.473438 0.484180 0.507227 0.511133 0.549023 0.490820 0.598828 0.482812 0.640625 0.477344 0.701172 0.465234 0.736133 0.430273 0.745703 0.345508 0.752344 0.337305 0.761719 0.287500 0.761719 0.179688 0.745703 0.135352 0.736133 0.105664 0.725391 0.089453 0.687695 0.093555 0.651367 0.089453 0.606836 0.093555 0.542188 0.108398 0.495117 0.121875 0.516602 0.146094 0.496484 0.143359 0.474805 0.131250 0.450586 0.139258 0.441211 0.152734 0.469531 0.171680 0.484375 0.259180 0.485742 0.294336 0.483008 0.350781 0.465430 0.335938 0.486914 0.299609 0.493750 0.283398 0.509961 0.325195 0.530078 0.358984 0.523438 0.396680 0.522070 0.419531 0.499219
9 0.602734 0.493750 0.613477 0.670117 0.754883 0.627148 0.760352 0.492383 0.750781 0.377930 0.729297 0.256641 0.709180 0.183984 0.675391 0.186719 0.648438 0.196094 0.624219 0.224414 0.581250 0.318555 0.577148 0.337500 0.581250 0.369727 0.601367 0.451953
3 0.765625 0.621680 0.800781 0.610938 0.826367 0.589453 0.838477 0.516602 0.850586 0.477539 0.858594 0.437109 0.858594 0.368555 0.850586 0.329492 0.808789 0.218945 0.783203 0.202734 0.761719 0.194727 0.715820 0.183984 0.753516 0.392773 0.761719 0.489648 0.758984 0.602930
4 0.880273 0.309180 0.880273 0.322656 0.864062 0.329492 0.878906 0.348242 0.892383 0.385937 0.897656 0.326758
18 0.528711 0.534180 0.558203 0.552930 0.577148 0.593359 0.586523 0.682227 0.585156 0.729492 0.575781 0.767188 0.555469 0.799414 0.539453 0.814258 0.493555 0.816992 0.472070 0.787305 0.457227 0.744336 0.467969 0.732227 0.476172 0.707812 0.480078 0.675586 0.480078 0.643164 0.501758 0.575977 0.512500 0.554297
