0 0.898438 0.603516 0.835938 0.621094 0.900391 0.636719 0.882812 0.669922 0.839844 0.677734 0.814453 0.623047 0.699219 0.707031 0.671875 0.703125 0.650391 0.658203 0.597656 0.650391 0.554688 0.728516 0.496094 0.738281 0.505859 0.824219 0.658203 0.845703 0.828125 0.708984 0.898438 0.683594
3 0.648438 0.406250 0.582031 0.414062 0.574219 0.425781 0.595703 0.632812 0.615234 0.652344 0.656250 0.644531
4 0.125000 0.503906 0.134766 0.552734 0.148438 0.574219 0.177734 0.583984 0.189453 0.564453 0.191406 0.544922 0.185547 0.523438 0.177734 0.519531 0.156250 0.535156 0.148438 0.535156 0.138672 0.527344
4 0.214844 0.203125 0.181641 0.228516 0.152344 0.296875 0.154297 0.302734 0.167969 0.298828 0.173828 0.304688 0.185547 0.333984 0.193359 0.339844 0.199219 0.335938
5 0.974609 0.281250 0.968750 0.306641 0.957031 0.318359 0.933594 0.421875 0.937500 0.451172 0.945312 0.441406 0.957031 0.396484
8 0.160156 0.300781 0.142578 0.320312 0.117188 0.404297 0.113281 0.449219 0.140625 0.527344 0.156250 0.533203 0.179688 0.517578 0.191406 0.533203 0.199219 0.343750 0.183594 0.333984 0.171875 0.304688
8 0.328125 0.158203 0.289062 0.244141 0.302734 0.236328 0.310547 0.271484 0.324219 0.251953 0.339844 0.273438 0.353516 0.349609 0.361328 0.341797 0.361328 0.289062 0.351562 0.232422 0.326172 0.189453 0.333984 0.171875
10 0.238281 0.193359 0.218750 0.205078 0.193359 0.570312 0.201172 0.609375 0.273438 0.658203 0.281250 0.378906 0.343750 0.351562 0.347656 0.324219 0.326172 0.255859 0.310547 0.273438 0.304688 0.240234 0.281250 0.240234 0.277344 0.199219
16 0.335938 0.568359 0.312500 0.585938 0.310547 0.648438 0.328125 0.693359 0.330078 0.646484 0.343750 0.597656 0.343750 0.582031
16 0.496094 0.390625 0.464844 0.412109 0.425781 0.478516 0.412109 0.556641 0.488281 0.724609 0.513672 0.742188 0.560547 0.720703 0.605469 0.648438 0.583984 0.623047 0.558594 0.445312 0.572266 0.402344
16 0.927734 0.304688 0.888672 0.335938 0.869141 0.308594 0.765625 0.289062 0.640625 0.345703 0.658203 0.353516 0.652344 0.388672 0.625000 0.402344 0.656250 0.423828 0.662109 0.626953 0.650391 0.654297 0.623047 0.654297 0.660156 0.658203 0.675781 0.699219 0.716797 0.697266 0.873047 0.560547 0.929688 0.431641
17 0.398438 0.634766 0.376953 0.650391 0.365234 0.695312 0.365234 0.814453 0.396484 0.941406 0.423828 0.980469 0.451172 0.984375 0.498047 0.939453 0.509766 0.865234 0.484375 0.822266 0.480469 0.755859 0.457031 0.695312 0.421875 0.640625
17 0.093750 0.482422 0.087891 0.492188 0.087891 0.525391 0.107422 0.662109 0.126953 0.675781 0.146484 0.660156 0.146484 0.617188 0.125000 0.583984 0.107422 0.498047
