0 0.687500 0.562500 0.701172 0.603516 0.689453 0.650391 0.708984 0.662109 0.763672 0.658203 0.767578 0.636719 0.781250 0.644531 0.771484 0.662109 0.789062 0.667969 0.882812 0.644531 0.853516 0.607422 0.800781 0.619141 0.783203 0.601562 0.726562 0.603516 0.714844 0.593750 0.714844 0.574219
1 0.525391 0.343750 0.527344 0.357422 0.554688 0.375000 0.562500 0.388672 0.572266 0.394531 0.585938 0.394531 0.597656 0.378906 0.617188 0.380859 0.636719 0.367188 0.628906 0.347656 0.580078 0.332031 0.537109 0.332031
2 0.384766 0.378906 0.349609 0.398438 0.343750 0.433594 0.330078 0.375000 0.320312 0.380859 0.300781 0.478516 0.302734 0.585938 0.318359 0.625000 0.359375 0.617188 0.378906 0.593750 0.378906 0.462891 0.394531 0.451172 0.400391 0.425781
3 0.689453 0.458984 0.681641 0.470703 0.679688 0.507812 0.689453 0.550781 0.697266 0.560547 0.714844 0.564453 0.720703 0.552734 0.714844 0.455078
6 0.087891 0.525391 0.082031 0.525391 0.062500 0.544922 0.041016 0.542969 0.037109 0.546875 0.033203 0.560547 0.039062 0.574219 0.031250 0.585938 0.033203 0.593750 0.039062 0.597656 0.064453 0.593750 0.080078 0.603516 0.089844 0.603516 0.093750 0.587891 0.087891 0.574219
8 0.308594 0.333984 0.255859 0.345703 0.201172 0.408203 0.173828 0.509766 0.179688 0.613281 0.193359 0.630859 0.310547 0.623047 0.298828 0.535156 0.318359 0.384766
16 0.392578 0.466797 0.388672 0.568359 0.408203 0.623047 0.458984 0.652344 0.482422 0.558594 0.546875 0.539062 0.574219 0.558594 0.615234 0.662109 0.644531 0.675781 0.685547 0.652344 0.697266 0.601562 0.666016 0.537109 0.666016 0.482422 0.710938 0.433594 0.427734 0.435547
16 0.714844 0.431641 0.724609 0.554688 0.714844 0.566406 0.689453 0.558594 0.718750 0.574219 0.722656 0.597656 0.755859 0.605469 0.791016 0.595703 0.800781 0.615234 0.833984 0.611328 0.865234 0.589844 0.888672 0.591797 0.914062 0.568359 0.925781 0.498047 0.898438 0.429688 0.759766 0.421875
17 0.695312 0.695312 0.697266 0.726562 0.708984 0.748047 0.720703 0.757812 0.761719 0.765625 0.779297 0.761719 0.792969 0.750000 0.806641 0.718750 0.810547 0.687500 0.800781 0.677734 0.750000 0.675781 0.718750 0.691406 0.707031 0.689453
17 0.537109 0.591797 0.509766 0.601562 0.490234 0.626953 0.482422 0.724609 0.507812 0.791016 0.550781 0.806641 0.578125 0.792969 0.599609 0.726562 0.578125 0.621094 0.558594 0.593750
17 0.123047 0.566406 0.111328 0.570312 0.099609 0.589844 0.097656 0.687500 0.119141 0.730469 0.152344 0.736328 0.173828 0.718750 0.177734 0.683594 0.154297 0.580078 0.142578 0.568359
