0 0.761719 0.560547 0.708984 0.591797 0.666016 0.462891 0.574219 0.498047 0.570312 0.568359 0.431641 0.666016 0.136719 0.648438 0.085938 0.607422 0.087891 0.748047 0.244141 0.847656 0.683594 0.882812 0.730469 0.839844
1 0.609375 0.228516 0.597656 0.197266 0.562500 0.177734 0.439453 0.187500 0.312500 0.228516 0.222656 0.308594 0.595703 0.289062
4 0.722656 0.214844 0.728516 0.267578 0.718750 0.275391 0.720703 0.304688 0.748047 0.314453 0.765625 0.359375 0.775391 0.429688 0.806641 0.468750 0.816406 0.453125 0.816406 0.396484 0.800781 0.376953 0.789062 0.322266 0.751953 0.238281
5 0.677734 0.365234 0.642578 0.367188 0.580078 0.396484 0.550781 0.396484 0.550781 0.457031 0.578125 0.492188 0.617188 0.488281 0.664062 0.460938 0.693359 0.400391
7 0.578125 0.173828 0.613281 0.191406 0.615234 0.212891 0.625000 0.226562 0.648438 0.210938 0.664062 0.212891 0.679688 0.224609 0.685547 0.220703 0.691406 0.193359 0.675781 0.173828 0.626953 0.166016
8 0.849609 0.390625 0.843750 0.406250 0.830078 0.417969 0.835938 0.429688 0.824219 0.433594 0.818359 0.421875 0.820312 0.519531 0.832031 0.531250 0.841797 0.527344 0.857422 0.480469
10 0.730469 0.193359 0.728516 0.210938 0.757812 0.244141 0.789062 0.316406 0.802734 0.376953 0.820312 0.396484 0.822266 0.427734 0.832031 0.431641 0.828125 0.417969 0.841797 0.406250 0.845703 0.384766 0.832031 0.369141 0.808594 0.292969 0.753906 0.207031
15 0.527344 0.439453 0.503906 0.474609 0.500000 0.433594 0.453125 0.447266 0.480469 0.466797 0.453125 0.470703 0.472656 0.494141 0.371094 0.539062 0.345703 0.525391 0.251953 0.609375 0.248047 0.648438 0.408203 0.664062 0.478516 0.638672 0.523438 0.542969 0.521484 0.507812 0.482422 0.492188 0.531250 0.486328
15 0.539062 0.294922 0.251953 0.318359 0.224609 0.351562 0.169922 0.365234 0.162109 0.400391 0.185547 0.453125 0.255859 0.449219 0.257812 0.394531 0.306641 0.353516 0.291016 0.341797 0.376953 0.335938 0.417969 0.365234 0.486328 0.367188 0.492188 0.347656 0.476562 0.333984
16 0.484375 0.492188 0.523438 0.507812 0.525391 0.537109 0.531250 0.509766 0.535156 0.537109 0.537109 0.527344 0.541016 0.556641 0.556641 0.574219 0.568359 0.568359 0.576172 0.554688 0.576172 0.535156 0.562500 0.513672 0.572266 0.492188 0.560547 0.472656 0.562500 0.490234 0.548828 0.496094 0.535156 0.488281
16 0.593750 0.298828 0.490234 0.324219 0.490234 0.365234 0.460938 0.373047 0.376953 0.337891 0.291016 0.343750 0.259766 0.449219 0.158203 0.462891 0.183594 0.478516 0.125000 0.546875 0.117188 0.630859 0.267578 0.656250 0.250000 0.609375 0.300781 0.552734 0.472656 0.492188 0.453125 0.445312 0.500000 0.431641 0.503906 0.472656 0.525391 0.435547 0.533203 0.470703 0.552734 0.386719 0.611328 0.361328
17 0.781250 0.578125 0.767578 0.585938 0.761719 0.705078 0.724609 0.894531 0.738281 0.917969 0.794922 0.912109 0.832031 0.855469 0.832031 0.800781 0.818359 0.800781 0.791016 0.720703 0.792969 0.609375
