10 0.304492 0.365430 0.325195 0.400977 0.391797 0.383789 0.440234 0.377930 0.441211 0.344727 0.453906 0.306836 0.467773 0.279102 0.460742 0.256250 0.434375 0.252734 0.331055 0.304492 0.308008 0.352734
14 0.629687 0.283789 0.694141 0.268750 0.705469 0.251563 0.703320 0.222852 0.694141 0.186133 0.674609 0.182617 0.644727 0.186133 0.637695 0.200977 0.638867 0.252734 0.624023 0.255078
7 0.439063 0.359570 0.463086 0.376758 0.500977 0.397461 0.487305 0.433203 0.479297 0.472266 0.457422 0.635352 0.447070 0.667578 0.235547 0.674414 0.080469 0.672070 0.065625 0.641016 0.058789 0.614648 0.063281 0.579102 0.057617 0.552539 0.058789 0.513477 0.063281 0.495117 0.065625 0.422852 0.073633 0.413672 0.083984 0.425000 0.097852 0.387109 0.098828 0.345898 0.110352 0.316016 0.137891 0.303320 0.197656 0.290625 0.237891 0.284961 0.317188 0.281445 0.332227 0.298633 0.304492 0.365430 0.328711 0.404492 0.404492 0.380273 0.439063 0.379102
13 0.284961 0.241211 0.208008 0.255078 0.151758 0.271094 0.120703 0.288281 0.110352 0.302148 0.113867 0.313672 0.143750 0.300977 0.186328 0.288281 0.271289 0.279102 0.314844 0.278125 0.335547 0.300977 0.440234 0.250391 0.475781 0.239063 0.564258 0.233203 0.561914 0.225195 0.492969 0.230859 0.328711 0.236719
9 0.613672 0.284961 0.621680 0.356250 0.624023 0.635352 0.723828 0.643359 0.757227 0.641016 0.757227 0.381445 0.751563 0.310156 0.745703 0.289453 0.720508 0.126367 0.711328 0.091992 0.664258 0.075781 0.644727 0.083789 0.627344 0.111523 0.610156 0.151562 0.605664 0.181445 0.608984 0.248242
3 0.772266 0.643359 0.825000 0.644531 0.841016 0.411328 0.838867 0.351562 0.822656 0.265430 0.806641 0.206836 0.798633 0.164258 0.788281 0.148242 0.713672 0.092969 0.722852 0.132031 0.729688 0.194141 0.751563 0.312500 0.758398 0.419336 0.759570 0.608984 0.757227 0.643359
8 0.390820 0.126367 0.428711 0.111523 0.516016 0.089648 0.569922 0.080469 0.616016 0.080469 0.624023 0.083789 0.587109 0.206836 0.574609 0.225195 0.293164 0.237891 0.323047 0.192969 0.379297 0.129883
18 0.456641 0.670508 0.477148 0.644141 0.483984 0.541016 0.517969 0.496289 0.541602 0.479687 0.581641 0.526563 0.602148 0.644141 0.605859 0.711523 0.597656 0.808398 0.577148 0.876563 0.545312 0.898633 0.494531 0.897070 0.459766 0.875977 0.444531 0.809180 0.438477 0.739453 0.445312 0.688086
18 0.817383 0.733398 0.839258 0.733398 0.863477 0.569141 0.890039 0.569727 0.913477 0.650195 0.911914 0.748633 0.900586 0.833398 0.890039 0.866016 0.840820 0.868359 0.825586 0.833398 0.816602 0.775195 0.816602 0.734180
18 0.099023 0.720508 0.099219 0.723047 0.096094 0.722070
17 0.829492 0.642969 0.842969 0.453906 0.840039 0.344141 0.835547 0.322070 0.933984 0.359180 0.942969 0.378906 0.953711 0.500195 0.942969 0.649414 0.926367 0.658398 0.916602 0.489453 0.897656 0.472070 0.871875 0.484180 0.855273 0.540234 0.841602 0.645508
