0 0.916016 0.681641 0.884766 0.707031 0.904297 0.734375 0.892578 0.761719 0.865234 0.761719 0.855469 0.789062 0.869141 0.798828 0.880859 0.792969 0.902344 0.800781 0.914062 0.816406 0.937500 0.816406 0.949219 0.794922 0.960938 0.800781 0.984375 0.794922 0.984375 0.722656 0.949219 0.681641
4 0.203125 0.451172 0.103516 0.492188 0.089844 0.511719 0.111328 0.519531 0.126953 0.503906 0.097656 0.673828 0.134766 0.794922 0.175781 0.791016 0.175781 0.583984
6 0.392578 0.714844 0.410156 0.857422 0.425781 0.871094 0.626953 0.857422 0.720703 0.828125 0.744141 0.792969 0.740234 0.699219 0.705078 0.673828 0.695312 0.617188 0.509766 0.617188 0.544922 0.695312 0.423828 0.695312
7 0.265625 0.447266 0.292969 0.542969 0.310547 0.558594 0.529297 0.554688 0.539062 0.546875 0.507812 0.496094 0.457031 0.447266 0.384766 0.437500
10 0.238281 0.439453 0.205078 0.453125 0.179688 0.570312 0.177734 0.789062 0.261719 0.800781 0.281250 0.669922 0.279297 0.568359 0.255859 0.445312
11 0.427734 0.605469 0.419922 0.626953 0.437500 0.689453 0.470703 0.695312 0.523438 0.695312 0.533203 0.689453 0.517578 0.642578 0.492188 0.613281 0.453125 0.597656
12 0.384766 0.562500 0.546875 0.623047 0.701172 0.613281 0.669922 0.582031 0.599609 0.564453 0.496094 0.554688
16 0.027344 0.625000 0.015625 0.632812 0.013672 0.648438 0.017578 0.658203 0.013672 0.666016 0.046875 0.699219 0.050781 0.689453 0.050781 0.628906 0.046875 0.623047
17 0.677734 0.865234 0.666016 0.859375 0.599609 0.876953 0.591797 0.884766 0.595703 0.908203 0.615234 0.925781 0.626953 0.921875 0.656250 0.921875 0.677734 0.900391 0.681641 0.888672
17 0.089844 0.744141 0.074219 0.783203 0.076172 0.837891 0.085938 0.876953 0.095703 0.886719 0.117188 0.894531 0.132812 0.878906 0.132812 0.853516 0.121094 0.828125 0.107422 0.765625
17 0.332031 0.742188 0.310547 0.761719 0.298828 0.808594 0.314453 0.957031 0.330078 0.998047 0.392578 0.998047 0.414062 0.962891 0.417969 0.910156 0.378906 0.773438 0.355469 0.748047
