15 0.306836 0.316016 0.236719 0.302148 0.223047 0.286133 0.226367 0.259570 0.240234 0.239063 0.270117 0.236719 0.297656 0.240039 0.310352 0.255078 0.312695 0.298633 0.324023 0.304492 0.321875 0.320508
14 0.675586 0.269922 0.675586 0.249219 0.666406 0.235547 0.648047 0.232031 0.658398 0.249219
12 0.489453 0.454883 0.517188 0.513477 0.549219 0.530859 0.583789 0.543359 0.628516 0.554883 0.674609 0.559570 0.714648 0.552539 0.710156 0.529687 0.665234 0.459570 0.640039 0.442383 0.595313 0.443555 0.549219 0.438867 0.487305 0.422852
7 0.508984 0.503125 0.432031 0.559570 0.465430 0.654883 0.490625 0.782422 0.540039 0.801953 0.582617 0.813477 0.649219 0.803125 0.723828 0.782422 0.771094 0.765234 0.859570 0.721484 0.893945 0.698438 0.921484 0.668750 0.934180 0.644531 0.927344 0.630664 0.943359 0.522656 0.938672 0.499805 0.927344 0.475586 0.913477 0.498633 0.914648 0.424023 0.895117 0.399805 0.885938 0.410156 0.869922 0.404492 0.795117 0.421680 0.730859 0.430859 0.713672 0.440039 0.679102 0.444531 0.648047 0.443555 0.665234 0.458398 0.705469 0.518164 0.712500 0.535352 0.713672 0.551562 0.689453 0.559570 0.664258 0.560742 0.583789 0.545703 0.545898 0.530859 0.519336 0.514648
10 0.891602 0.399805 0.897461 0.384961 0.914648 0.396289 0.929492 0.472266 0.914648 0.496289 0.915820 0.426172
13 0.382617 0.304492 0.391797 0.321680 0.440234 0.345898 0.545898 0.418164 0.560742 0.441211 0.710156 0.440039 0.732031 0.429688 0.773242 0.421680 0.808984 0.416992 0.870898 0.403320 0.885938 0.406641 0.898633 0.383789 0.849219 0.350391 0.690625 0.287305 0.486133 0.297656 0.435547 0.297656
8 0.340234 0.217188 0.312695 0.137891 0.323047 0.133203 0.532031 0.144727 0.564258 0.150586 0.680273 0.282617 0.625195 0.288281 0.459766 0.295312 0.370117 0.303320 0.353906 0.261914
11 0.245898 0.118359 0.273633 0.126367 0.297656 0.137891 0.331055 0.249219 0.333203 0.276953 0.319531 0.407813 0.317188 0.467578 0.310352 0.516992 0.312695 0.590625 0.264453 0.558398 0.234570 0.534180 0.198828 0.514648 0.194336 0.485938 0.196484 0.450391 0.191992 0.403320 0.194336 0.321680 0.227539 0.141406
5 0.195508 0.510156 0.172461 0.495117 0.151758 0.471094 0.133398 0.375781 0.124219 0.343555 0.108203 0.314844 0.111523 0.242383 0.163281 0.148242 0.182812 0.129883 0.208008 0.124023 0.245898 0.120703 0.225391 0.155078 0.212695 0.209180 0.189648 0.359570 0.190820 0.403320 0.197656 0.456055 0.196484 0.485938 0.202344 0.522656
18 0.391797 0.551562 0.351758 0.580273 0.321875 0.615820 0.306836 0.670898 0.306836 0.728320 0.329883 0.808789 0.351758 0.838672 0.384961 0.873242 0.417187 0.884570 0.472266 0.874219 0.494141 0.855859 0.516016 0.815625 0.520508 0.797266 0.490625 0.786914 0.478125 0.738672 0.465430 0.645703 0.452734 0.606641 0.437891 0.573242 0.428711 0.561719
