4 0.283203 0.248047 0.224609 0.275391 0.167969 0.380859 0.158203 0.435547 0.197266 0.646484 0.228516 0.669922 0.257812 0.667969 0.253906 0.445312
6 0.904297 0.541016 0.839844 0.500000 0.847656 0.478516 0.666016 0.482422 0.667969 0.541016 0.634766 0.556641 0.525391 0.513672 0.494141 0.556641 0.517578 0.732422 0.882812 0.714844
7 0.371094 0.259766 0.406250 0.355469 0.425781 0.347656 0.441406 0.376953 0.714844 0.376953 0.648438 0.291016 0.605469 0.257812 0.439453 0.238281 0.384766 0.246094
10 0.296875 0.246094 0.255859 0.445312 0.259766 0.667969 0.373047 0.687500 0.390625 0.640625 0.392578 0.390625 0.359375 0.287109 0.332031 0.251953
11 0.505859 0.462891 0.529297 0.505859 0.566406 0.533203 0.623047 0.550781 0.646484 0.548828 0.662109 0.537109 0.660156 0.523438 0.630859 0.494141 0.521484 0.457031
12 0.478516 0.386719 0.544922 0.451172 0.628906 0.458984 0.626953 0.482422 0.820312 0.470703 0.853516 0.482422 0.853516 0.505859 0.878906 0.498047 0.849609 0.437500 0.775391 0.392578 0.714844 0.378906
17 0.859375 0.730469 0.851562 0.724609 0.837891 0.724609 0.798828 0.734375 0.748047 0.732422 0.740234 0.736328 0.738281 0.751953 0.748047 0.769531 0.763672 0.779297 0.816406 0.783203 0.826172 0.781250 0.849609 0.761719
17 0.443359 0.548828 0.423828 0.566406 0.412109 0.599609 0.400391 0.740234 0.416016 0.789062 0.439453 0.812500 0.486328 0.820312 0.521484 0.804688 0.542969 0.751953 0.511719 0.728516 0.492188 0.574219 0.476562 0.552734
17 0.152344 0.521484 0.132812 0.535156 0.121094 0.576172 0.121094 0.685547 0.138672 0.750000 0.185547 0.753906 0.201172 0.742188 0.208984 0.703125 0.183594 0.667969 0.181641 0.585938 0.166016 0.537109
17 0.740234 0.007812 0.730469 0.009766 0.726562 0.015625 0.718750 0.056641 0.718750 0.089844 0.732422 0.109375 0.753906 0.115234 0.769531 0.103516 0.777344 0.089844 0.789062 0.041016 0.761719 0.009766
17 0.468750 0.007812 0.410156 0.009766 0.396484 0.033203 0.388672 0.072266 0.392578 0.105469 0.404297 0.130859 0.429688 0.146484 0.464844 0.134766 0.484375 0.093750 0.488281 0.050781 0.478516 0.013672
