2 0.708984 0.490234 0.683594 0.501953 0.716797 0.660156 0.716797 0.796875 0.738281 0.798828 0.779297 0.781250 0.773438 0.691406 0.742188 0.509766 0.732422 0.492188
6 0.250000 0.693359 0.228516 0.816406 0.250000 0.847656 0.345703 0.869141 0.447266 0.851562 0.511719 0.869141 0.531250 0.853516 0.548828 0.757812 0.523438 0.750000 0.527344 0.720703 0.507812 0.759766 0.443359 0.759766 0.453125 0.689453 0.263672 0.679688
7 0.347656 0.619141 0.583984 0.621094 0.595703 0.609375 0.619141 0.509766 0.599609 0.500000 0.421875 0.503906
8 0.675781 0.492188 0.628906 0.509766 0.611328 0.603516 0.630859 0.814453 0.714844 0.798828 0.714844 0.660156
9 0.529297 0.689453 0.517578 0.681641 0.460938 0.687500 0.453125 0.697266 0.449219 0.732422 0.441406 0.755859 0.478516 0.759766 0.509766 0.755859 0.513672 0.751953 0.509766 0.734375 0.529297 0.714844
12 0.255859 0.669922 0.283203 0.681641 0.384766 0.689453 0.523438 0.679688 0.566406 0.648438 0.578125 0.625000 0.351562 0.619141 0.285156 0.642578
16 0.880859 0.605469 0.798828 0.607422 0.779297 0.623047 0.781250 0.718750 0.792969 0.779297 0.818359 0.708984 0.833984 0.697266 0.851562 0.712891 0.863281 0.753906 0.875000 0.755859 0.890625 0.667969
17 0.275391 0.857422 0.267578 0.869141 0.271484 0.900391 0.269531 0.941406 0.281250 0.957031 0.308594 0.958984 0.318359 0.937500 0.316406 0.873047 0.302734 0.857422
17 0.570312 0.765625 0.556641 0.769531 0.548828 0.787109 0.535156 0.955078 0.548828 0.970703 0.570312 0.970703 0.580078 0.962891 0.589844 0.904297 0.599609 0.886719 0.597656 0.791016 0.589844 0.775391
17 0.832031 0.742188 0.820312 0.742188 0.814453 0.750000 0.810547 0.789062 0.785156 0.863281 0.791016 0.904297 0.810547 0.917969 0.839844 0.910156 0.851562 0.871094 0.855469 0.777344 0.847656 0.753906
