0 0.568359 0.566406 0.533203 0.548828 0.505859 0.484375 0.359375 0.591797 0.236328 0.576172 0.195312 0.509766 0.173828 0.570312 0.189453 0.701172 0.537109 0.736328
1 0.544922 0.302734 0.509766 0.291016 0.453125 0.289062 0.371094 0.306641 0.310547 0.341797 0.283203 0.382812 0.478516 0.382812 0.511719 0.355469
3 0.208984 0.429688 0.201172 0.433594 0.193359 0.447266 0.187500 0.478516 0.199219 0.501953 0.207031 0.509766 0.212891 0.509766 0.212891 0.505859 0.222656 0.501953 0.238281 0.484375 0.246094 0.482422 0.251953 0.466797 0.244141 0.453125
4 0.667969 0.302734 0.599609 0.328125 0.603516 0.437500 0.654297 0.605469 0.664062 0.705078 0.683594 0.712891 0.730469 0.703125 0.724609 0.486328
5 0.535156 0.433594 0.453125 0.429688 0.445312 0.447266 0.437500 0.527344 0.445312 0.527344 0.472656 0.500000 0.505859 0.482422 0.531250 0.451172
10 0.679688 0.306641 0.697266 0.417969 0.728516 0.500000 0.732422 0.703125 0.808594 0.695312 0.830078 0.675781 0.839844 0.580078 0.804688 0.517578 0.787109 0.423828 0.722656 0.332031
15 0.462891 0.384766 0.298828 0.386719 0.238281 0.406250 0.212891 0.427734 0.253906 0.464844 0.212891 0.511719 0.224609 0.517578 0.226562 0.560547 0.326172 0.582031 0.369141 0.580078 0.406250 0.560547 0.433594 0.529297
17 0.236328 0.728516 0.226562 0.740234 0.228516 0.757812 0.251953 0.808594 0.271484 0.818359 0.300781 0.814453 0.320312 0.794922 0.330078 0.765625 0.324219 0.742188 0.294922 0.728516 0.253906 0.724609
17 0.601562 0.582031 0.576172 0.597656 0.552734 0.736328 0.533203 0.759766 0.537109 0.806641 0.564453 0.835938 0.611328 0.832031 0.632812 0.804688 0.644531 0.763672 0.646484 0.644531 0.625000 0.597656
17 0.880859 0.574219 0.867188 0.578125 0.857422 0.597656 0.845703 0.710938 0.830078 0.740234 0.835938 0.771484 0.847656 0.779297 0.875000 0.779297 0.888672 0.771484 0.908203 0.697266 0.902344 0.615234
