6 0.247070 0.389453 0.300000 0.369922 0.316016 0.367578 0.341406 0.374609 0.371289 0.425000 0.370117 0.436523 0.344727 0.433203 0.300000 0.435352 0.283984 0.424023 0.264453 0.421680 0.254102 0.415820
4 0.100000 0.456055 0.112695 0.441211 0.133398 0.436523 0.146094 0.400977 0.119531 0.389453 0.108203 0.407813
2 0.164453 0.265430 0.256250 0.248242 0.316016 0.244727 0.305664 0.367578 0.244922 0.388281 0.217188 0.391797 0.201172 0.390625 0.185156 0.398633 0.147266 0.400977 0.121875 0.390625 0.147266 0.302148
17 0.305664 0.369922 0.297656 0.402148 0.301172 0.490625 0.294141 0.511328 0.294141 0.585938 0.168945 0.596289 0.109180 0.604297 0.103516 0.542188 0.109180 0.516992 0.105859 0.437695 0.109180 0.408984 0.118359 0.391797 0.146094 0.403320 0.183984 0.400977 0.191992 0.390625 0.209180 0.395313 0.248242 0.392969 0.258594 0.383789 0.270117 0.380273
15 0.759570 0.403320 0.785937 0.384961 0.787109 0.336719 0.768750 0.332031 0.758398 0.333203 0.754883 0.353906 0.758398 0.374609
18 0.846875 0.532031 0.877930 0.538867 0.903125 0.573242 0.911133 0.605469 0.916992 0.691602 0.904297 0.742188 0.893945 0.762891 0.879102 0.769727 0.830859 0.770898 0.816992 0.757031 0.803125 0.712305 0.813477 0.691602 0.827344 0.553711
5 0.528516 0.234375 0.610156 0.237891 0.622852 0.287305 0.636523 0.368750 0.651563 0.425000 0.658398 0.537695 0.656055 0.572070 0.646875 0.628516 0.573438 0.629687 0.560742 0.636523 0.553906 0.577930 0.547070 0.545703 0.521680 0.508984 0.496484 0.397461 0.500977 0.366406 0.480273 0.235547
11 0.663086 0.255078 0.698633 0.278125 0.742383 0.332031 0.765234 0.366406 0.775586 0.391797 0.791797 0.446875 0.799805 0.511328 0.801953 0.565234 0.791797 0.625000 0.649219 0.629687 0.656055 0.588281 0.660742 0.513477 0.652734 0.418164 0.610156 0.237891 0.633203 0.244727
18 0.590625 0.707422 0.696680 0.702148 0.685547 0.741797 0.669141 0.769531 0.635156 0.782813 0.604102 0.767773 0.590234 0.738672 0.585156 0.710156
18 0.187500 0.741602 0.245117 0.751367 0.322266 0.743750 0.303320 0.799805 0.268555 0.827148 0.249609 0.834766 0.214844 0.814258 0.188281 0.770312
